geneID,topic_1,topic_2,topic_3,topic_4,topic_5,topic_6,topic_7,topic_8,topic_9,topic_10,topic_11,topic_12,topic_13
"1,1",0.139694558,0.022320175,0.062802995,0.021963599,0.022282242,0.215326723,0.018443354,0.03464862,0.055762505,0.275565401,0.095205942,0.007601909,0.028381977
"1,3",0.103320098,0.009256689,0.14662861,0.009842021,0.009811849,0.330127083,0.009932536,0.04767738,0.068031234,0.209536683,0.037575882,0.009890296,0.00836964
"1,5",0.032955901,0.008215671,0.149187133,0.016574277,0.008420752,0.375192652,0.025622701,0.037026449,0.093560455,0.213607438,0.024193348,0.007842796,0.007600428
"1,7",0.048886363,0.006250659,0.128528078,0.007469157,0.008248292,0.344061581,0.010117046,0.038640438,0.11899099,0.203606285,0.04421155,0.006010474,0.034979086
"1,9",0.079224771,0.006628114,0.145615894,0.008619442,0.006107127,0.334838407,0.017238884,0.032312777,0.070339047,0.198443985,0.043502423,0.022298248,0.034830882
"1,11",0.115713294,0.010511644,0.154430472,0.010414257,0.010414257,0.352952634,0.010055145,0.02852204,0.045942031,0.206988691,0.038753698,0.00817437,0.007127467
"1,13",0.132904434,0.018992389,0.120454271,0.01271596,0.009097499,0.335604688,0.010523136,0.031780838,0.080294793,0.207273167,0.0131509,0.008674641,0.018533285
"1,15",0.104163982,0.013426908,0.158240677,0.029712599,0.011997516,0.350072055,0.0211011,0.026256283,0.062149243,0.197068576,0.014604398,0.005377793,0.005828871
"1,17",0.116313054,0.007415852,0.118253424,0.012666978,0.013976728,0.357161481,0.012782187,0.030354663,0.063977637,0.209190077,0.015147013,0.004869116,0.037891788
"1,19",0.046845791,0.007119362,0.164624654,0.007829344,0.012414916,0.394443902,0.011848233,0.033069533,0.054355968,0.222211366,0.014544862,0.006728546,0.023963524
"1,21",0.079898865,0.009841381,0.11830633,0.018157802,0.018531956,0.327327974,0.005192803,0.057205864,0.095142802,0.18917448,0.061009762,0.014484291,0.005725688
"1,23",0.035327074,0.007708173,0.178919501,0.016321379,0.006957057,0.39895952,0.023155302,0.0342004,0.066824688,0.204882253,0.009401262,0.008576266,0.008767123
"1,25",0.029656261,0.007622196,0.177259216,0.016453089,0.007202852,0.40311918,0.022416409,0.033929871,0.064973668,0.211633099,0.008208044,0.009410575,0.008115542
"1,27",0.067763296,0.009558052,0.149321348,0.011349813,0.011098127,0.351826217,0.010684644,0.067349813,0.072107865,0.203637453,0.02550412,0.00807191,0.011727341
"1,29",0.070729976,0.017792267,0.143414816,0.007681111,0.011825422,0.361421216,0.005882636,0.060089503,0.062050381,0.203642663,0.018273464,0.031626687,0.005569858
"1,31",0.101615506,0.011607887,0.146355363,0.009364296,0.010648062,0.354703444,0.009994181,0.030912374,0.056557706,0.198773823,0.054446091,0.008050535,0.006970731
"1,33",0.141166251,0.018361712,0.068905854,0.01083341,0.015522708,0.28820825,0.034308152,0.032768593,0.055593613,0.243765846,0.064569665,0.018036851,0.007959096
"1,35",0.072277385,0.011889277,0.117650867,0.005791608,0.011436072,0.358385177,0.016180011,0.073642886,0.082842361,0.191811702,0.015238286,0.033649007,0.009205361
"1,37",0.12581336,0.009235192,0.094428961,0.009616569,0.01514947,0.342324053,0.009082641,0.053650952,0.089512131,0.189597207,0.02000176,0.017361457,0.024226245
"1,39",0.093421482,0.011502772,0.15392962,0.01079126,0.012071981,0.362592274,0.010643029,0.026521597,0.062512229,0.201007975,0.033138656,0.010571878,0.011295248
"1,41",0.038448876,0.014863546,0.189556608,0.012451138,0.010864815,0.387906832,0.008661922,0.031810264,0.05697593,0.201163703,0.034300491,0.007578433,0.005417442
"1,43",0.054117402,0.017129324,0.098865389,0.017447553,0.016694818,0.359850432,0.01199481,0.049117525,0.130633277,0.208575065,0.019981151,0.007001053,0.008592201
"1,45",0.023425299,0.021647199,0.188104276,0.025180003,0.01577479,0.370716329,0.031918067,0.027794512,0.048845112,0.205317923,0.023559827,0.005468828,0.012247834
"1,47",0.058485619,0.011414212,0.14296804,0.018245489,0.008286086,0.364881028,0.025278024,0.034300139,0.086926271,0.194461376,0.041689188,0.00543397,0.007630559
"1,49",0.103212404,0.008171604,0.13907794,0.015396357,0.007408385,0.344905946,0.023952439,0.031768257,0.080057614,0.190999759,0.041850776,0.00628938,0.006909137
"1,51",0.0384341,0.01651507,0.158296177,0.010385827,0.012912431,0.373806551,0.006854527,0.038499495,0.096415195,0.203287557,0.016342667,0.018583913,0.009666488
"1,53",0.032686415,0.014557236,0.162855549,0.015866948,0.012526868,0.401636827,0.029941658,0.032899478,0.058091078,0.217004957,0.007551214,0.005301516,0.009080256
"1,55",0.154187192,0.009542259,0.105656722,0.018879725,0.00882825,0.319400011,0.025145293,0.047185476,0.0964687,0.186024243,0.006365196,0.004012841,0.01830409
"1,57",0.14082283,0.007906783,0.151232193,0.011600796,0.008385637,0.333316231,0.024381623,0.044413661,0.058938883,0.193992669,0.011258758,0.005974267,0.007775669
"1,59",0.101970261,0.00976017,0.1416577,0.015880855,0.010783224,0.353606265,0.023988852,0.031844025,0.087353524,0.198431317,0.011853315,0.006643971,0.006226518
"1,61",0.030880396,0.010225705,0.169303174,0.012320126,0.015529519,0.407944017,0.008359206,0.035857727,0.063140647,0.207723487,0.017161936,0.013379657,0.008174404
"1,63",0.065749016,0.016810828,0.106830656,0.00993132,0.00490244,0.326227765,0.028443346,0.093859019,0.107991609,0.192252651,0.008546223,0.005385212,0.033069916
"1,65",0.074106874,0.009138823,0.166472943,0.012730392,0.00826553,0.373529394,0.027354969,0.029409051,0.055195784,0.209577929,0.020946723,0.006088449,0.007183139
"1,67",0.095408756,0.010212854,0.141218278,0.009976753,0.01152654,0.361342503,0.009795138,0.034858098,0.088356015,0.20698736,0.014329475,0.008687282,0.007300949
"1,69",0.112853042,0.006824624,0.149263073,0.006367242,0.023254274,0.362986947,0.010567936,0.028074842,0.059224978,0.211533253,0.011771574,0.007781516,0.009496699
"1,71",0.114306078,0.004480008,0.14305479,0.005887497,0.023843463,0.333035864,0.008283223,0.032803479,0.084766776,0.209733835,0.012559594,0.012571572,0.014673822
"1,73",0.061087567,0.009434507,0.062675381,0.010629698,0.011149347,0.270863887,0.009399864,0.223044678,0.116378166,0.182771921,0.027472083,0.008343245,0.006749656
"1,75",0.076843534,0.007584992,0.100517027,0.009115855,0.014811819,0.330233096,0.007740966,0.079789723,0.121492736,0.187290951,0.03497877,0.017965974,0.011634557
"1,77",0.098951066,0.010703532,0.108626472,0.009283738,0.011958092,0.312067024,0.012349759,0.129023769,0.062605567,0.199664635,0.012111087,0.023763188,0.008892071
"1,79",0.041589804,0.015170935,0.104501569,0.019105915,0.022861216,0.308551544,0.006696054,0.165886059,0.052969502,0.197647397,0.043793872,0.014212645,0.007013488
"1,81",0.04524044,0.01627849,0.102606694,0.016824271,0.011508845,0.293671322,0.010292704,0.168260503,0.052092356,0.199251332,0.071657392,0.005962056,0.006353594
"1,83",0.030777799,0.012507265,0.171862892,0.016684425,0.015267823,0.367838289,0.008820467,0.031607177,0.059636527,0.204487117,0.062851124,0.009159483,0.008499613
"1,85",0.128346605,0.010445119,0.104883108,0.009386615,0.0096847,0.342042669,0.010007118,0.04182306,0.110321627,0.203901863,0.011053454,0.009453532,0.00865053
"1,87",0.101245593,0.008179922,0.101038197,0.010686967,0.012047237,0.311361612,0.010388074,0.131421635,0.055386793,0.197739389,0.040082226,0.009729288,0.010693067
"1,89",0.039064073,0.006984357,0.053832479,0.010971309,0.008802361,0.275243503,0.01314601,0.241196201,0.098580691,0.180235535,0.039478302,0.027108971,0.005356208
"1,91",0.101241088,0.009399368,0.139104463,0.008842826,0.009999196,0.340201468,0.016974517,0.030300594,0.069870697,0.205493683,0.041252095,0.022175088,0.005144917
"1,93",0.137411056,0.009031469,0.087873594,0.007692618,0.009181512,0.328987841,0.016118142,0.03520253,0.10598847,0.192517443,0.044032017,0.021150373,0.004812936
"1,95",0.142301013,0.02024657,0.084465171,0.014139823,0.020091314,0.338194197,0.011908732,0.0370315,0.108771405,0.202597955,0.006779525,0.006089497,0.007383299
"1,97",0.123145337,0.009052031,0.120578162,0.008820863,0.011972041,0.348126023,0.010852704,0.035228704,0.088123468,0.214857984,0.012197125,0.008875614,0.008169945
"1,99",0.123245889,0.022128321,0.139949125,0.006956165,0.02286975,0.341623668,0.009536095,0.0324179,0.071026426,0.206912765,0.01025944,0.007956792,0.005117664
"1,101",0.135320243,0.013426423,0.090587625,0.015502239,0.015858265,0.313393838,0.007820514,0.035994883,0.122859315,0.207352249,0.021578827,0.013595385,0.006710194
"1,103",0.14621971,0.019634719,0.109516719,0.028490366,0.02236474,0.324336673,0.009870944,0.044058255,0.074077208,0.186696223,0.006418934,0.022708813,0.005606696
"1,105",0.034371168,0.025687926,0.141343893,0.007041735,0.011919358,0.401800969,0.010411851,0.043402813,0.051362452,0.231164533,0.008482242,0.018244189,0.014766872
"1,107",0.051613322,0.01124777,0.114309006,0.009818169,0.010639303,0.361181016,0.009818169,0.043561479,0.148607616,0.195938043,0.027930387,0.0087312,0.00660452
"1,109",0.13711064,0.01101889,0.11832883,0.012212746,0.008733999,0.328476034,0.019033148,0.045029504,0.07164278,0.186749913,0.014926055,0.014868933,0.031868527
"1,111",0.131958314,0.00643808,0.124158977,0.013830155,0.006499448,0.34217221,0.026181895,0.040357944,0.063928902,0.186051572,0.009216384,0.003665354,0.045540765
"1,113",0.152561957,0.010717985,0.116264244,0.020069897,0.010052025,0.308419567,0.022705281,0.049634006,0.096165887,0.188404312,0.012710176,0.006192867,0.006101795
"1,115",0.146212468,0.015849726,0.104337056,0.012653002,0.025021479,0.293239459,0.004675139,0.046740234,0.101558752,0.187864722,0.023102329,0.029886302,0.008859333
"1,117",0.093153351,0.01380315,0.104341544,0.015880787,0.020221137,0.309746982,0.004770206,0.04846625,0.080293496,0.202718838,0.020268899,0.080592007,0.005743352
"1,119",0.054999479,0.006468485,0.037381826,0.013041114,0.012641896,0.214975873,0.006919775,0.320861153,0.044191671,0.181354795,0.04062764,0.060067809,0.006468485
"1,121",0.104626533,0.01084393,0.121407751,0.013126529,0.02369857,0.339411835,0.008106074,0.030344034,0.065411342,0.207760839,0.047763874,0.015130918,0.01236777
"1,123",0.04951454,0.0086691,0.116853933,0.002862664,0.003487679,0.297602519,0.006436222,0.022094993,0.050397195,0.160037215,0.004899926,0.215129178,0.062014838
"1,125",0.139763245,0.059034633,0.041509185,0.021305015,0.014362354,0.338399665,0.01311473,0.038940547,0.027337644,0.262624854,0.024284634,0.008681995,0.010641499
"1,127",0.121180512,0.047965396,0.100755111,0.015311965,0.009710994,0.31795712,0.009932085,0.039104752,0.129842742,0.182961258,0.013594258,0.005583964,0.006099842
"1,129",0.142979137,0.010083699,0.105481111,0.009925776,0.0112652,0.314700326,0.009832192,0.032216367,0.119103463,0.186326176,0.042820628,0.008557107,0.006708819
"1,131",0.077335814,0.006596373,0.10937048,0.006301437,0.037853995,0.346879626,0.006454577,0.041189049,0.135738958,0.187154371,0.01036816,0.01329484,0.021462319
"1,133",0.126160792,0.00412156,0.077847896,0.009235032,0.010084426,0.312497506,0.006436019,0.067016686,0.135048085,0.187676363,0.021069553,0.014576528,0.028229553
"4,1",0.128417148,0.008196066,0.079735282,0.004567107,0.015613978,0.316250318,0.036755027,0.03815134,0.06543762,0.257154285,0.020450165,0.018392058,0.010879604
"4,3",0.123868255,0.011541967,0.105148316,0.011854631,0.011422223,0.375183773,0.013444562,0.030807405,0.057756401,0.225577265,0.012340259,0.008681422,0.012373521
"4,5",0.041412695,0.011003403,0.191029595,0.013898069,0.009712125,0.374752148,0.025225821,0.032441066,0.05972314,0.20875866,0.014136741,0.005477222,0.012429316
"4,7",0.127315239,0.012540814,0.125154251,0.010090514,0.008897837,0.318432753,0.009588645,0.030885592,0.106236752,0.206828957,0.028612422,0.00869709,0.006719137
"4,9",0.146719788,0.009861313,0.092322389,0.012977557,0.009238064,0.297977062,0.026077434,0.110728619,0.065825572,0.191354897,0.01602973,0.014026013,0.006861563
"4,11",0.113896364,0.031150761,0.142674948,0.008181459,0.006160007,0.358721575,0.010732186,0.028389598,0.057078907,0.21295387,0.012543203,0.008002908,0.009514214
"4,13",0.113855226,0.020663614,0.135701895,0.008281383,0.017316734,0.354364736,0.010616844,0.032653537,0.063682672,0.213133746,0.008630783,0.007079939,0.014018892
"4,15",0.152676465,0.009036747,0.108115364,0.008631178,0.009128142,0.340420306,0.009248099,0.056385416,0.085277871,0.190308632,0.01360653,0.009259524,0.007905725
"4,17",0.063110364,0.010717473,0.055641605,0.00811194,0.010993122,0.314134201,0.029264675,0.213509398,0.024952746,0.218379187,0.010986559,0.005355455,0.034843274
"4,19",0.145705937,0.007404284,0.121197699,0.006024641,0.009693647,0.332114348,0.022074284,0.047980239,0.053559057,0.203054493,0.024213031,0.007723589,0.019254752
"4,21",0.147780214,0.008740979,0.116789988,0.011898237,0.013496848,0.288971864,0.00839271,0.044087421,0.103138988,0.196046862,0.038812003,0.013102905,0.008740979
"4,23",0.028301045,0.011735595,0.113233921,0.014102938,0.014775073,0.299748396,0.010034439,0.15158725,0.116077111,0.199957174,0.019914228,0.008654481,0.01187835
"4,25",0.029662233,0.017083472,0.162462269,0.010392398,0.022672757,0.369351895,0.010702276,0.032651984,0.086989705,0.190827604,0.05358598,0.006220519,0.007396908
"4,27",0.032279963,0.016280431,0.167731742,0.009281367,0.018586142,0.378165964,0.009000468,0.037681414,0.092474251,0.195517322,0.029710908,0.007695459,0.005594569
"4,29",0.086939877,0.017201667,0.134002003,0.017074058,0.015153545,0.358631778,0.010840368,0.032820984,0.072558365,0.215926855,0.023556585,0.007509778,0.007784137
"4,31",0.07527489,0.01653548,0.164231208,0.006783633,0.009841976,0.351679385,0.030367121,0.028372289,0.043988464,0.20495103,0.039403954,0.021300246,0.007270324
"4,33",0.126263763,0.013757853,0.091840985,0.006822634,0.009040553,0.269533449,0.030015086,0.137353358,0.079681836,0.181914391,0.022832181,0.022280516,0.008663394
"4,35",0.105629561,0.004980887,0.077811885,0.016842349,0.005849647,0.294938028,0.019083748,0.143055716,0.102467277,0.191179196,0.009654813,0.007529248,0.020977644
"4,37",0.01514705,0.005685516,0.132043961,0.013268251,0.005888132,0.368858599,0.022858722,0.148265488,0.05915147,0.192527783,0.007705532,0.005894272,0.022705225
"4,39",0.1186679,0.010887602,0.115602397,0.008227455,0.010342906,0.351158431,0.011615976,0.0831296,0.05560341,0.207529483,0.008670813,0.009386519,0.009177508
"4,41",0.040076189,0.025537428,0.094447437,0.007054538,0.005598738,0.318057052,0.011017906,0.203222,0.041378072,0.203722231,0.032130214,0.007259761,0.010498435
"4,43",0.06376815,0.022466046,0.082610072,0.017457953,0.005858413,0.332621801,0.021674368,0.08704933,0.133306749,0.193761582,0.02284136,0.007863996,0.00872018
"4,45",0.117577061,0.009067713,0.071460445,0.023965079,0.008741619,0.297964484,0.02007483,0.130821071,0.10241081,0.188373876,0.015320717,0.007614591,0.006607703
"4,47",0.10874387,0.018631389,0.067069354,0.014286496,0.014006964,0.292766816,0.011965168,0.18198115,0.068327246,0.199609871,0.007310359,0.006951829,0.008349487
"4,49",0.027169295,0.006444151,0.173584883,0.009837362,0.008279435,0.365021008,0.022536824,0.075854499,0.056173874,0.202388821,0.017804032,0.010492399,0.024413417
"4,51",0.045796812,0.009694688,0.172174834,0.009959409,0.016153891,0.364680275,0.006812165,0.033331372,0.080634155,0.203635508,0.024213189,0.015189129,0.017724572
"4,53",0.035724105,0.00940301,0.161983491,0.007838896,0.01140092,0.377299583,0.010667742,0.043025337,0.104202944,0.210018879,0.011046551,0.008938664,0.008449878
"4,55",0.113618428,0.010039708,0.137656107,0.010152443,0.00886225,0.369778162,0.027582579,0.030300753,0.057407338,0.210934075,0.00878083,0.00764095,0.007246377
"4,57",0.114444383,0.008493078,0.13962227,0.009846067,0.010836208,0.36689975,0.028806357,0.033074421,0.052575906,0.213403197,0.007779684,0.006561995,0.007656685
"4,59",0.04227844,0.0105294,0.132240757,0.020248845,0.017439857,0.357425151,0.030002757,0.041278923,0.103266239,0.201368305,0.030008502,0.004836745,0.009076078
"4,61",0.095017956,0.016924404,0.112652711,0.026288639,0.017138637,0.322104895,0.016467749,0.057363694,0.096540138,0.192493954,0.033764242,0.00563771,0.00760527
"4,63",0.16180676,0.025140168,0.078640427,0.005905069,0.004266961,0.296548152,0.025506068,0.103392178,0.088176353,0.183856477,0.007835897,0.00522956,0.013695931
"4,65",0.112720164,0.010837382,0.158404191,0.009331663,0.01058432,0.356988309,0.010476769,0.027836826,0.05774876,0.21274294,0.014848416,0.008983703,0.008496558
"4,67",0.042083207,0.01025205,0.177874279,0.011211661,0.010786517,0.399107197,0.011928333,0.031454601,0.062253265,0.208411783,0.016137261,0.007215305,0.011284543
"4,69",0.117262621,0.012475127,0.137631513,0.010455515,0.009299749,0.335893098,0.009692947,0.058431732,0.059289621,0.201478666,0.033243176,0.00812611,0.006720126
"4,71",0.118579657,0.010207791,0.142181979,0.015280444,0.014042104,0.316572182,0.020273571,0.046721805,0.071823769,0.190153486,0.036604901,0.008537735,0.009020575
"4,73",0.077613988,0.009281625,0.102282357,0.013870553,0.01487366,0.324764645,0.021641752,0.072592687,0.131706839,0.193951378,0.01694329,0.010394267,0.010082958
"4,75",0.046211809,0.007880943,0.128722062,0.012230932,0.009312738,0.353884049,0.020627563,0.04002354,0.122558061,0.205705341,0.038270197,0.006528017,0.00804475
"4,77",0.073462652,0.007697165,0.139603465,0.01300535,0.007858019,0.33432626,0.024848976,0.06173222,0.082333456,0.20188378,0.039051795,0.006946513,0.007250349
"4,79",0.065578695,0.01040409,0.133468126,0.012090927,0.043944427,0.321492736,0.007492562,0.049611507,0.078247307,0.199699604,0.06231478,0.009410473,0.006244765
"4,81",0.054653381,0.012713892,0.135073745,0.010291045,0.056712802,0.326932978,0.009982132,0.055901148,0.055101608,0.209764075,0.061958266,0.005851177,0.005063751
"4,83",0.041385959,0.010025135,0.101915507,0.010466998,0.009887411,0.286333222,0.009491455,0.192881982,0.081905407,0.187005773,0.053907335,0.007477247,0.007316569
"4,85",0.120318842,0.013436084,0.113041944,0.016418613,0.013341961,0.324113183,0.011712454,0.037502206,0.112771339,0.200023531,0.016083299,0.00686511,0.014371434
"4,87",0.116886687,0.009411063,0.065111219,0.0094871,0.011347086,0.270013862,0.010083699,0.198070995,0.093999497,0.19080652,0.008644842,0.008387485,0.007749943
"4,89",0.124013017,0.011186836,0.145048198,0.009946583,0.009756247,0.357671763,0.010628108,0.030306379,0.063375698,0.207871308,0.013802419,0.008964205,0.007429238
"4,91",0.127184286,0.009421273,0.097204346,0.011073619,0.009061815,0.334127619,0.041975395,0.035435582,0.113206016,0.194663791,0.007548614,0.013711576,0.005386069
"4,93",0.116426009,0.010869501,0.14665256,0.009066783,0.00913771,0.340955972,0.015012796,0.025628144,0.06085502,0.199687923,0.040499087,0.021136126,0.004072369
"4,95",0.105604637,0.019828156,0.15716997,0.009968651,0.01538956,0.358477295,0.013479508,0.030269772,0.056331367,0.208268402,0.008555819,0.006494176,0.010162688
"4,97",0.092013521,0.012048618,0.085317881,0.007390526,0.009946294,0.325265588,0.009174852,0.085094104,0.132788024,0.200739641,0.014834052,0.014622053,0.010764846
"4,99",0.074717642,0.012245732,0.12241646,0.00685831,0.021287028,0.344917554,0.00946155,0.070194076,0.0921932,0.197209981,0.029896396,0.009829272,0.0087728
"4,101",0.055568943,0.028406512,0.078853428,0.009448289,0.005273334,0.269455575,0.013141304,0.216873546,0.090038948,0.180840035,0.026753341,0.020779512,0.004567234
"4,103",0.097007797,0.037939438,0.109881967,0.028266444,0.008086877,0.31655176,0.015276499,0.112886326,0.043444535,0.188979386,0.027537062,0.005018842,0.009123063
"4,105",0.126799789,0.02089672,0.101908196,0.006917659,0.01128387,0.334838648,0.007875949,0.032318344,0.099470545,0.202103447,0.026742292,0.018950193,0.009894348
"4,107",0.053835753,0.010592382,0.104861041,0.008283786,0.00887422,0.347901303,0.009872053,0.043568109,0.151139242,0.199141509,0.045912132,0.008478629,0.00753984
"4,109",0.144469463,0.007431039,0.094826767,0.02894753,0.00852614,0.294313858,0.012358992,0.045346102,0.095525173,0.18085362,0.050776907,0.004860905,0.031763503
"4,111",0.122047722,0.005287819,0.088942066,0.009561391,0.005451578,0.28719566,0.044785344,0.040247645,0.099623355,0.172659704,0.048477837,0.033570519,0.042149358
"4,113",0.067532625,0.009197305,0.082691579,0.011128412,0.004961027,0.238105926,0.076556926,0.02104579,0.064736495,0.161722005,0.033132741,0.204304544,0.024884625
"4,115",0.096282443,0.01765998,0.097879926,0.005235653,0.004573282,0.243728175,0.01597483,0.029373231,0.064892876,0.163366988,0.009180657,0.225415565,0.026436395
"4,117",0.089255861,0.016790755,0.085489483,0.003353291,0.004130866,0.238812643,0.003484507,0.039768088,0.095029353,0.160015163,0.007328642,0.228237627,0.028303721
"4,119",0.074891622,0.008522811,0.114035605,0.005254259,0.010012091,0.269323778,0.003956668,0.029593913,0.053107828,0.16403708,0.008999577,0.239085985,0.019178782
"4,121",0.072542584,0.007076975,0.102695192,0.004053568,0.025538439,0.260837067,0.003837953,0.034201385,0.058201768,0.161979828,0.011005965,0.21890707,0.039122206
"4,123",0.072859956,0.007881385,0.093191243,0.002932932,0.003743774,0.268652844,0.00709371,0.030909302,0.065455809,0.154189737,0.005689795,0.214057686,0.073341828
"4,125",0.090043695,0.013571745,0.087028311,0.006211993,0.007037574,0.229692723,0.00438464,0.039109379,0.090018525,0.162433047,0.051568604,0.193472877,0.025426886
"4,127",0.091175779,0.022344977,0.08710921,0.005679094,0.007286916,0.243082131,0.003967844,0.030981148,0.081340793,0.153025246,0.032687697,0.212867284,0.028451883
"4,129",0.084438385,0.007697359,0.088163943,0.02250839,0.007419196,0.226985444,0.014227346,0.031760725,0.081405954,0.149628812,0.03421403,0.194891836,0.05665858
"4,131",0.143764966,0.004138654,0.030426874,0.029396528,0.008012525,0.254921486,0.011886397,0.043009762,0.051148922,0.193152514,0.060583211,0.109636904,0.059921256
"4,133",0.173720902,0.022228851,0.004761747,0.020549534,0.014605637,0.193375537,0.019997127,0.021742733,0.01921271,0.412625811,0.049992819,0.011302244,0.035884348
"7,1",0.123558382,0.007214275,0.11428377,0.006855418,0.009020937,0.354551304,0.032272435,0.034041974,0.073850418,0.20753106,0.013209672,0.005556106,0.018054249
"7,3",0.133034233,0.012862643,0.110719744,0.00958303,0.011052297,0.335235509,0.02255718,0.035301757,0.062843949,0.229441744,0.014141692,0.012370701,0.01085552
"7,5",0.03733739,0.024939508,0.196341726,0.010062049,0.014020987,0.378596584,0.019261637,0.033570111,0.053580413,0.20636185,0.011068254,0.008612635,0.006246856
"7,7",0.045375972,0.015721816,0.18844267,0.024474418,0.011345515,0.373598549,0.018326902,0.035436474,0.058194456,0.208309494,0.007054427,0.008521309,0.005197999
"7,9",0.154063851,0.018479714,0.070215687,0.014469453,0.01611932,0.320146441,0.010579621,0.039175307,0.121801125,0.209539121,0.010681985,0.007400316,0.007328059
"7,11",0.13517991,0.019335868,0.066847208,0.008478928,0.005300094,0.3244489,0.021463242,0.044473108,0.137490677,0.208439804,0.010245626,0.006418799,0.011877835
"7,13",0.117636197,0.018034603,0.047971037,0.00912082,0.017698867,0.247235776,0.02087157,0.225580823,0.089076279,0.177828014,0.006233493,0.003805005,0.018907516
"7,15",0.126222818,0.022790542,0.058085975,0.013583767,0.024098608,0.242679859,0.010917323,0.213868858,0.082687685,0.179316899,0.005394376,0.007859579,0.012493711
"7,17",0.111374244,0.038144627,0.085093633,0.038599827,0.014842985,0.279907808,0.01627773,0.145427831,0.049029098,0.189703256,0.020731778,0.006234515,0.004632671
"7,19",0.106323983,0.012472021,0.115137916,0.015133462,0.062354539,0.321382835,0.008752686,0.071251991,0.066279886,0.190421042,0.020506453,0.004877451,0.005105734
"7,21",0.145388956,0.013574711,0.086225061,0.013491972,0.027717562,0.293447623,0.006608087,0.047503213,0.112800825,0.185726972,0.039201734,0.02016625,0.008147033
"7,23",0.097898628,0.011871268,0.114610372,0.012827262,0.015180943,0.31458859,0.007351473,0.12994863,0.058630266,0.199960066,0.014751351,0.014448821,0.00793233
"7,25",0.111094295,0.020238038,0.124382507,0.009831461,0.008178758,0.356118026,0.008051627,0.035245544,0.087266321,0.204154155,0.010957478,0.012313541,0.012168249
"7,27",0.032704655,0.010320526,0.168859099,0.007950441,0.009818921,0.412984049,0.011223415,0.037375853,0.064681982,0.213520766,0.012941413,0.008953652,0.008665229
"7,29",0.02232693,0.016944545,0.174036487,0.00736982,0.017427812,0.391748218,0.009768032,0.031823124,0.061411139,0.211695059,0.018231243,0.017645282,0.019572309
"7,31",0.017412241,0.011410426,0.150074441,0.008060576,0.017639054,0.390117943,0.01189313,0.087572987,0.065851304,0.191267127,0.009846,0.012579384,0.026275386
"7,33",0.067455494,0.007708388,0.096278161,0.012860567,0.010497495,0.322911578,0.022216289,0.139035003,0.098874132,0.18443326,0.010395247,0.016518785,0.010815601
"7,35",0.136861068,0.012405758,0.076563588,0.014066878,0.01209576,0.284449228,0.007861074,0.128514526,0.104042253,0.19442706,0.013604806,0.008574654,0.006533348
"7,37",0.020187266,0.029506866,0.131092385,0.017858926,0.020168539,0.326548065,0.007765293,0.14772784,0.061104869,0.20582397,0.011441948,0.012047441,0.008726592
"7,39",0.025509501,0.014968747,0.153839891,0.00651986,0.011843473,0.357640324,0.008204627,0.090063007,0.061553493,0.214798392,0.007158694,0.023718262,0.024181729
"7,41",0.030170852,0.017278874,0.172107585,0.005967929,0.011523416,0.392758496,0.008261364,0.03512642,0.063822474,0.209846146,0.022453163,0.018141256,0.012542025
"7,43",0.04988891,0.015101885,0.105992509,0.012080239,0.012423031,0.359785438,0.010582111,0.039789246,0.111813623,0.220776995,0.047514759,0.008538056,0.005713197
"7,45",0.040463928,0.008549227,0.135121265,0.013004969,0.015063787,0.362684071,0.008180934,0.037149291,0.118517892,0.208109691,0.032759964,0.012165744,0.008229235
"7,47",0.033108377,0.018061813,0.145527283,0.011360601,0.014179977,0.369344183,0.016880642,0.088035756,0.078129359,0.19583682,0.010903565,0.01247648,0.006155143
"7,49",0.05873964,0.009410038,0.1484244,0.009171356,0.009791929,0.351835166,0.012321958,0.088025921,0.072738339,0.202599247,0.014708778,0.016964323,0.005268905
"7,51",0.086697604,0.011575923,0.087213223,0.011309615,0.017559367,0.329321706,0.009207477,0.096704007,0.133913546,0.189906339,0.012748814,0.007960926,0.005881453
"7,53",0.101251911,0.023074434,0.102641063,0.013746471,0.019074345,0.322880287,0.010672484,0.06902804,0.119506154,0.183239793,0.022031175,0.006097765,0.006756078
"7,55",0.123747106,0.013434167,0.098149887,0.018355364,0.011883174,0.323679469,0.009749101,0.037252993,0.129898602,0.196958654,0.008664571,0.005072798,0.023154114
"7,57",0.139062526,0.009992517,0.094810755,0.012147435,0.010892744,0.323271424,0.007595663,0.061125396,0.110694131,0.190336066,0.017858248,0.006785459,0.015427636
"7,59",0.114548013,0.008111163,0.07023026,0.013008887,0.008188729,0.282727212,0.016183543,0.16052789,0.105273364,0.180772555,0.026826674,0.006886732,0.006714979
"7,61",0.105942314,0.021991197,0.128622727,0.01172246,0.011971505,0.331072628,0.013349936,0.0331229,0.108513842,0.197133094,0.011247539,0.016454303,0.008855554
"7,63",0.112160794,0.025161334,0.101558375,0.007838461,0.011732846,0.338364358,0.007875727,0.035658164,0.114614195,0.204085689,0.011490612,0.019273172,0.010186272
"7,65",0.03678241,0.024932726,0.155084506,0.006438249,0.027157492,0.394733736,0.008934473,0.039679917,0.086057738,0.200966623,0.006969361,0.007624398,0.004638372
"7,67",0.023801572,0.026416783,0.180203797,0.007379306,0.025005199,0.386187904,0.024746829,0.033348668,0.057881238,0.219072766,0.006226093,0.005507698,0.004222148
"7,69",0.111447874,0.008114521,0.141605637,0.01292648,0.009364302,0.345386376,0.025919374,0.029354763,0.074244245,0.206075023,0.022212294,0.006309282,0.00703983
"7,71",0.11780295,0.007961902,0.11605717,0.009484451,0.030290715,0.327204977,0.008837654,0.029443583,0.088365091,0.196803791,0.054531301,0.00698312,0.006233293
"7,73",0.12803045,0.004749277,0.072982272,0.00697818,0.020037263,0.304090894,0.029855864,0.071696366,0.135534422,0.200069725,0.010121504,0.005423663,0.010430121
"7,75",0.130294744,0.007831987,0.075425067,0.011813771,0.008020779,0.303799858,0.028976636,0.067421451,0.137503147,0.192338497,0.022746516,0.006561935,0.007265612
"7,77",0.081102947,0.00874243,0.15054127,0.012165744,0.009237513,0.34314643,0.025563156,0.030912461,0.093685285,0.208073465,0.021493821,0.006858702,0.008476776
"7,79",0.1274672,0.009323085,0.103363893,0.011752947,0.009518393,0.320351095,0.016830955,0.057684796,0.112152754,0.194141909,0.023235909,0.007553825,0.006623239
"7,81",0.09216858,0.012964116,0.122332843,0.010851919,0.013988211,0.326383838,0.010834463,0.059810659,0.101495994,0.194013697,0.031258183,0.010496977,0.01340052
"7,83",0.061773086,0.012937999,0.125291382,0.007967538,0.030938961,0.358619371,0.011377792,0.063154454,0.070622479,0.216122547,0.007307688,0.013012001,0.020874702
"7,85",0.036279393,0.011044828,0.113025599,0.010842117,0.022825206,0.345743079,0.010158693,0.100915093,0.10988069,0.195661995,0.011693502,0.009573729,0.022356076
"7,87",0.039810461,0.009806033,0.115931364,0.008106879,0.009877828,0.357133455,0.010296634,0.105299685,0.11498606,0.199010422,0.012259037,0.009381245,0.008100896
"7,89",0.076298882,0.008038255,0.117780972,0.013588758,0.009334937,0.348613841,0.016510693,0.092610086,0.088978203,0.201038519,0.010344119,0.009287998,0.007574735
"7,91",0.036773307,0.008344481,0.173122492,0.011067986,0.009628248,0.402892674,0.018176692,0.037865109,0.069455359,0.206764369,0.009550262,0.008332483,0.008026539
"7,93",0.149533827,0.009249456,0.0467311,0.009141309,0.010712294,0.279834477,0.00980727,0.181425953,0.094344455,0.183514907,0.009266532,0.008253361,0.008185057
"7,95",0.151568003,0.014433451,0.082670915,0.009206775,0.011945889,0.315361395,0.039817765,0.053904634,0.10209626,0.189200067,0.007462687,0.011023534,0.011308625
"7,97",0.154537421,0.006117226,0.102782018,0.013410841,0.007597755,0.306618769,0.024147548,0.037386235,0.104583902,0.193805879,0.027510301,0.004803113,0.016698993
"7,99",0.167411195,0.007783535,0.08728557,0.009070398,0.008650892,0.297582739,0.009212123,0.054411048,0.115556866,0.187411422,0.031604667,0.006519348,0.017500198
"7,101",0.143828325,0.006746202,0.079791481,0.008389359,0.011756674,0.293795346,0.007475208,0.049612932,0.107366436,0.191711313,0.063296266,0.020730395,0.015500064
"7,103",0.135093384,0.00448476,0.072990945,0.008130299,0.008600691,0.254754701,0.005286565,0.040165065,0.124589743,0.175926619,0.114257155,0.02240242,0.033317654
"7,105",0.131498146,0.005089457,0.038120592,0.010475333,0.013741534,0.230535623,0.004798631,0.162499091,0.101856254,0.182012405,0.057572385,0.043875594,0.017924956
"7,107",0.144861769,0.004431867,0.086164649,0.019072657,0.011587602,0.264416127,0.01681207,0.043023717,0.101358027,0.183263841,0.069899585,0.041416188,0.013691902
"7,109",0.075149679,0.006560988,0.064124688,0.019155552,0.038897585,0.206048766,0.021206125,0.029058213,0.077997696,0.141371352,0.082875189,0.161273718,0.076280447
"7,111",0.063854862,0.00666554,0.069624905,0.061210611,0.025686407,0.19236293,0.026235533,0.029247275,0.082639182,0.137560193,0.05664442,0.179986483,0.068281659
"7,113",0.048052496,0.067785985,0.058148359,0.139901388,0.098278864,0.157002768,0.080741243,0.017852888,0.063991788,0.125659402,0.017669593,0.109566142,0.015349084
"7,115",0.048457092,0.073628074,0.050248331,0.126054389,0.107124247,0.110747435,0.106843348,0.019382022,0.060967269,0.149548119,0.019662921,0.107022472,0.020314281
"7,117",0.004468029,0.094140054,0.003527707,0.406183369,0.147732445,0.019908483,0.048142114,0.00707937,0.004168563,0.135280659,0.007774131,0.101488944,0.020106131
"7,119",0.03676264,0.031255016,0.004193419,0.202874197,0.265805578,0.016397472,0.145064205,0.007689607,0.0039376,0.129529494,0.115414326,0.018795144,0.0222813
"7,121",0.035121488,0.030828456,0.004402575,0.298665665,0.091682055,0.021929413,0.115729294,0.010917759,0.024224594,0.155566336,0.151106382,0.009123345,0.050702638
"7,123",0.006231622,0.064961153,0.076402491,0.23843969,0.184348811,0.005114539,0.087583343,0.015754382,0.0255226,0.120875433,0.013550271,0.12760298,0.033612688
"7,125",0.015668399,0.060617058,0.024509092,0.241505289,0.179455913,0.006222842,0.07978883,0.015566782,0.085101956,0.123726156,0.016486175,0.124084236,0.027267272
"7,127",0.033923251,0.03378325,0.082736835,0.275158847,0.014707255,0.199156406,0.012154934,0.017754963,0.054510536,0.114940589,0.027264242,0.122077036,0.011831856
"7,129",0.046863376,0.006097867,0.080679168,0.204027984,0.006221211,0.201958101,0.032235435,0.022707036,0.067196022,0.124624665,0.012619731,0.129381155,0.065388248
"7,131",0.080522974,0.052470101,0.005112113,0.262440982,0.030722029,0.080012996,0.05946584,0.050570023,0.023940152,0.144027506,0.089122674,0.050405514,0.071187096
"7,133",0.040315263,0.221861848,0.002364956,0.127722113,0.072314568,0.067956292,0.178322522,0.00949361,0.012876945,0.101060852,0.089404996,0.068607861,0.007698174
"10,1",0.078039389,0.010756218,0.146300972,0.004835248,0.009582123,0.363470521,0.023936372,0.033669991,0.065408408,0.220357278,0.028121449,0.008060851,0.007461179
"10,3",0.077051705,0.013335178,0.15663571,0.016685514,0.013070519,0.371436133,0.008102158,0.032907875,0.055812862,0.199642711,0.034501841,0.005834516,0.014983278
"10,5",0.103456557,0.038665409,0.158429825,0.020745061,0.021637076,0.355788089,0.013162936,0.027183578,0.046333305,0.193023987,0.010721331,0.008068159,0.002784687
"10,7",0.111997317,0.015797417,0.12497736,0.006681201,0.014844877,0.354083515,0.043159483,0.029817206,0.051209123,0.225939963,0.00849237,0.006895858,0.00610431
"10,9",0.116606989,0.026713174,0.11097049,0.015736511,0.015415483,0.345999506,0.019125818,0.029299914,0.059476479,0.208636869,0.013223855,0.028380047,0.010414866
"10,11",0.113173313,0.015250518,0.12811641,0.00643174,0.012061774,0.346210879,0.006926026,0.029970584,0.084046632,0.20607489,0.015551912,0.02198968,0.014195641
"10,13",0.118999899,0.034713365,0.092539731,0.022343692,0.025339947,0.341019671,0.012693592,0.029436178,0.047940075,0.233289469,0.028187738,0.006721328,0.006775315
"10,15",0.110656273,0.018151262,0.138431054,0.019945382,0.026264542,0.324752599,0.009214732,0.028087049,0.081024919,0.193435568,0.035002356,0.007590941,0.007443323
"10,17",0.098309099,0.014805023,0.121590659,0.032413527,0.012194316,0.299460234,0.032270324,0.072642653,0.070869134,0.180210399,0.054367702,0.006477198,0.004389733
"10,19",0.104591628,0.031552061,0.148000609,0.0253717,0.01539525,0.345860037,0.017023819,0.02753922,0.054193858,0.199312252,0.022548066,0.004159295,0.004452203
"10,21",0.03037759,0.01968973,0.133586331,0.007077579,0.031301012,0.350048256,0.00583245,0.035250873,0.082029621,0.198636911,0.046040011,0.038152204,0.021977433
"10,23",0.152741789,0.00984641,0.095121215,0.01884998,0.025911604,0.301770531,0.004521717,0.042620318,0.097980034,0.19446232,0.026674715,0.021315854,0.008183511
"10,25",0.165799695,0.018362464,0.095615434,0.011016322,0.00830559,0.302185925,0.007519536,0.047486938,0.095933324,0.195710223,0.027118879,0.012397697,0.012547972
"10,27",0.130503003,0.007232132,0.138354344,0.009330231,0.009209996,0.345579262,0.009799148,0.028724127,0.078561509,0.202217132,0.014602533,0.007081838,0.018804744
"10,29",0.102427384,0.011604952,0.149757385,0.009206472,0.00952012,0.360842051,0.010848508,0.032016629,0.061462581,0.203809278,0.033695565,0.007828884,0.006980191
"10,31",0.138142156,0.011649792,0.119791608,0.012364086,0.01443327,0.326800757,0.012653205,0.057404279,0.085947686,0.189163142,0.014183834,0.005532943,0.011933242
"10,33",0.128438395,0.009759327,0.121315501,0.009216199,0.009204884,0.322578273,0.008972923,0.057305634,0.096801204,0.187152766,0.034318884,0.008616495,0.006319518
"10,35",0.03564616,0.017198518,0.13273318,0.02119202,0.017253898,0.343170435,0.012509691,0.120303482,0.042094835,0.200025844,0.039110477,0.00584565,0.01291581
"10,37",0.05524109,0.028556403,0.132693971,0.02247191,0.029381994,0.338096504,0.00827853,0.065261277,0.090764124,0.194969549,0.019610615,0.006203242,0.00847079
"10,39",0.121024122,0.025667189,0.107356723,0.009871547,0.029719597,0.349667353,0.01163828,0.030932404,0.091345341,0.199553361,0.010145595,0.005935756,0.007142732
"10,41",0.115133711,0.006808201,0.130736848,0.022308368,0.008607166,0.358841879,0.021466428,0.031702959,0.057591084,0.202852903,0.026839093,0.008873679,0.008237681
"10,43",0.111346626,0.0099104,0.1287164,0.012467721,0.010566925,0.369104563,0.020439809,0.029656169,0.057536593,0.212176349,0.024141359,0.006934154,0.007002932
"10,45",0.104447808,0.00894219,0.141718577,0.027292309,0.009536007,0.362374105,0.021458928,0.028194679,0.062181988,0.198049718,0.021761658,0.007766199,0.006275834
"10,47",0.102468119,0.010702884,0.130057512,0.0149023,0.009281361,0.349801283,0.020215242,0.031540043,0.089567798,0.202187961,0.018491646,0.015168835,0.005615016
"10,49",0.13357409,0.011230214,0.110906972,0.011035005,0.009858015,0.309198326,0.011212989,0.040672205,0.087504952,0.192136554,0.05441716,0.01449708,0.013756438
"10,51",0.052811938,0.007667581,0.129806246,0.010787696,0.007761951,0.342003598,0.017511575,0.117544015,0.063552449,0.189707747,0.039204931,0.004936742,0.01670353
"10,53",0.141542315,0.028733799,0.114025449,0.008370846,0.029289098,0.327697633,0.009581871,0.043502404,0.076477747,0.196239322,0.014242843,0.00639776,0.003898912
"10,55",0.132232229,0.012585443,0.113092968,0.014017074,0.012708657,0.336245489,0.008085194,0.032276234,0.098940945,0.197834952,0.02730073,0.008478306,0.006201778
"10,57",0.124887932,0.014304011,0.125231414,0.012243116,0.011364033,0.332636665,0.008499738,0.033579787,0.104296443,0.202386913,0.015881702,0.008988764,0.005699482
"10,59",0.041271189,0.005474515,0.174076965,0.028973614,0.008079788,0.347792405,0.028239088,0.02955894,0.076252998,0.20119131,0.032192905,0.009766903,0.01712938
"10,61",0.116861821,0.004834729,0.114083825,0.019547406,0.00526298,0.323864853,0.032969696,0.030997487,0.089273438,0.189196804,0.032147003,0.003437278,0.03752268
"10,63",0.12552282,0.004280364,0.101342216,0.006800255,0.013082725,0.317960844,0.009032488,0.036883619,0.110788933,0.201982545,0.028886703,0.005707152,0.037729336
"10,65",0.061462439,0.020630625,0.142590741,0.016930408,0.017506912,0.353673746,0.009953527,0.064880287,0.073486676,0.202088358,0.020077652,0.006976881,0.00974175
"10,67",0.037854396,0.010796627,0.187695215,0.009707336,0.008912935,0.374794629,0.006993133,0.029633553,0.059200905,0.20789225,0.039647816,0.021846019,0.005025186
"10,69",0.100211347,0.008629531,0.094465881,0.01394437,0.007875934,0.297472335,0.025843263,0.127063183,0.083898531,0.180885844,0.047816553,0.005790795,0.006102432
"10,71",0.039273824,0.007045591,0.099551487,0.011126139,0.009305498,0.335477644,0.027118879,0.147026865,0.098696074,0.193513895,0.018547418,0.006398252,0.006918435
"10,73",0.137829718,0.007714955,0.092687616,0.010653127,0.009890044,0.31752088,0.034050351,0.062386589,0.096334795,0.20020429,0.011157844,0.008297783,0.011272006
"10,75",0.156243915,0.008412649,0.070811715,0.013125795,0.009643908,0.285245507,0.03234489,0.056174048,0.127655797,0.195100161,0.026389032,0.007937326,0.010915255
"10,77",0.115628192,0.012467704,0.120759478,0.009962146,0.009120952,0.344937812,0.019575798,0.035738749,0.084455927,0.206627411,0.015700294,0.012738088,0.012287448
"10,79",0.093591344,0.011568872,0.108156471,0.008703406,0.009660543,0.338570834,0.016063254,0.040366209,0.116907437,0.206361096,0.009000654,0.023054515,0.017995363
"10,81",0.120793843,0.010245409,0.127944529,0.010262993,0.009694455,0.317226706,0.009319337,0.035735847,0.098069901,0.195799851,0.049621072,0.008463599,0.006822458
"10,83",0.129566333,0.010702078,0.127584239,0.009499322,0.012610534,0.337759805,0.010898447,0.033499224,0.070711038,0.214317712,0.027344301,0.008149289,0.007357679
"10,85",0.100657798,0.010531578,0.115949603,0.008520694,0.010946251,0.320622351,0.00958294,0.079401506,0.090444326,0.194186615,0.045915179,0.00736756,0.005873598
"10,87",0.116726584,0.021147713,0.042357409,0.010351279,0.016786314,0.272254967,0.007933914,0.198054839,0.109581554,0.18390565,0.008542481,0.007657805,0.004699492
"10,89",0.130397261,0.01813423,0.075012349,0.011111048,0.02355633,0.289835407,0.008681039,0.168601779,0.066768485,0.183607656,0.011451704,0.007369515,0.005473199
