ID,#1,#2,#3
2-Keto-6-acetamidocaproate,0.349797420746825,0.302608248240903,0.347594331012272
Sucrose,0.34673885334369,0.31740492632725,0.33585622032906
Deoxycytidine,0.360300362831783,0.279758225424919,0.359941411743298
N-Acetylserotonin,0.354715715468777,0.305706422949828,0.339577861581395
Citrulline,0.353301184117933,0.299822415837174,0.346876400044893
D-Fructose,0.359336134347285,0.29222590117858,0.348437964474135
1H-Indole-3-acetamide,0.368459237229027,0.271495051159538,0.360045711611435
Sphinganine,0.36632065132917,0.276876907277324,0.356802441393506
Urocanic acid,0.356681974979274,0.307425230908766,0.33589279411196
3-Dehydroshikimate,0.35160345500606,0.299124377698017,0.349272167295922
Palmitic acid,0.368847770971476,0.265107988024683,0.366044241003841
Succinic acid semialdehyde,0.340733462890604,0.330169928527858,0.329096608581538
Homovanillic acid,0.356415192233705,0.29177489142088,0.351809916345415
Dihydroxyacetone phosphate,0.362570678569905,0.278127902563692,0.359301418866403
Cortexolone,0.341645861622876,0.323528253965902,0.334825884411222
gamma-Glutamylalanine,0.361867386668654,0.27678126479193,0.361351348539416
N-Acetylneuraminate,0.380341802121376,0.251203835378226,0.368454362500398
Protoporphyrinogen IX,0.366565840938216,0.26761366088604,0.365820498175744
Glycerophosphocholine,0.391163496550885,0.21893534437037,0.389901159078745
N-Acetylornithine,0.366955766866137,0.269354765210693,0.36368946792317
Maleic acid homopolymer,0.340038220667096,0.331010636853678,0.328951142479226
Indole-3-acetaldehyde oxime,0.362162419195464,0.280858562837327,0.356979017967208
N2-Succinyl-L-ornithine,0.376700138329631,0.252329149663928,0.37097071200644
N6-Acetyl-N6-hydroxy-L-lysine,0.354813805877332,0.29095568509171,0.354230509030958
Retinol,0.37441321280218,0.254158238845922,0.371428548351898
"3-(3,4-Dihydroxyphenyl)pyruvate",0.344589336807213,0.321570293435056,0.333840369757731
12-OPDA,0.34646677475262,0.313672849634895,0.339860375612486
N-a-Acetylcitrulline,0.363954934091953,0.282789007031704,0.353256058876343
N-Formyl-L-glutamic acid,0.36004808139665,0.283851611739301,0.356100306864049
cis-Aconitic acid,0.367983997383238,0.271275154347195,0.360740848269567
Formylanthranilic acid,0.34667982597713,0.317081204180018,0.336238969842852
6-Methylmercaptopurine,0.353406860820116,0.296936806301706,0.349656332878178
1-Pyrroline-2-carboxylic acid,0.358745535684213,0.294720936595693,0.346533527720094
Phosphoserine,0.35533899035137,0.291577544788575,0.353083464860055
"3,4-Dihydroxymandelic acid",0.366938724613462,0.268212791488544,0.364848483897994
Gentamicin C1a,0.342653697199761,0.322496223159734,0.334850079640505
D-Glucose,0.35333053789441,0.296886862928263,0.349782599177327
Dehydroascorbate,0.349352348539699,0.305834349805469,0.344813301654833
Pyruvic acid,0.365907928843183,0.269554865352741,0.364537205804076
Kynurenic acid,0.359988625028746,0.283092865108452,0.356918509862801
Guanosine,0.362323459454978,0.280684643495697,0.356991897049326
L-Phenylalanine,0.363732596255738,0.278624750903183,0.357642652841079
Glucosamine 6-phosphate,0.352078118169672,0.301813939777535,0.346107942052794
Gluconolactone,0.34892490790618,0.307655777565206,0.343419314528614
2-Isopropylmalic acid,0.361509302335796,0.287616416452968,0.350874281211236
Thromboxane B2,0.348366244645097,0.314161980694256,0.337471774660647
19(S)-HETE,0.364827842629304,0.275995591242267,0.359176566128429
Gentisic acid,0.339049448106325,0.335185641045204,0.325764910848471
D-Lysopine,0.313972757590348,0.386044874361227,0.299982368048425
Imidazol-5-yl-pyruvate,0.285865857656699,0.438235025864023,0.275899116479278
"(3S,5S)-3,5-Diaminohexanoate",0.276407447047867,0.457995663907042,0.26559688904509
Glutathione,0.331410740148441,0.35586046659449,0.312728793257069
L-Arginine,0.28003352937551,0.450821550988627,0.269144919635863
L-Glutamic acid,0.320085517342628,0.371951222665824,0.307963259991547
Glycocholic acid,0.267509918697946,0.475479318042656,0.257010763259397
Picolinic acid,0.284395002402142,0.442466580391496,0.273138417206362
Nicotinic acid,0.320074879736905,0.370505236002473,0.309419884260622
Taurocholic acid,0.300249551815803,0.41140048554888,0.288349962635317
L-Proline,0.331288274639545,0.352375140275713,0.316336585084741
Mannitol,0.268246777354965,0.473726451037646,0.258026771607389
D-Xylose,0.314924886461537,0.381270764960024,0.30380434857844
Hydroquinone,0.276031677155854,0.457887961778313,0.266080361065833
Norepinephrine,0.307769178806025,0.393507921303291,0.298722899890684
Methyl jasmonate,0.285151593785093,0.439396197664605,0.275452208550302
L-Serine,0.318544885223831,0.372906843593683,0.308548271182486
Phenylacetaldehyde,0.282770089226125,0.445795571703109,0.271434339070766
Ethylmethylacetic acid,0.272305917192733,0.465115882660717,0.262578200146549
Ureidopropionic acid,0.295960261104625,0.418495433023687,0.285544305871688
Ketoleucine,0.28664414448105,0.436705439486922,0.276650416032028
Porphobilinogen,0.26667352317073,0.4768617262656,0.25646475056367
"4,5-Dihydroorotic acid",0.266303463253245,0.477234151273154,0.256462385473601
pantothenic acid,0.325211867179864,0.360718879587871,0.314069253232265
4-Pyridoxic acid,0.297066465575959,0.416439568176146,0.286493966247896
Dodecanoic acid,0.267286748228819,0.475311351132332,0.25740190063885
Oleic acid,0.302413153719106,0.409315266653435,0.288271579627459
Pimelic acid,0.262300713298387,0.486646936416833,0.25105235028478
Ciliatine,0.265568321311682,0.478675435243812,0.255756243444506
Phosphonoacetate,0.27778197764265,0.454069598367871,0.268148423989479
Xanthine,0.33995013023244,0.339952796706257,0.320097073061303
Choline,0.278420864535783,0.45274894812525,0.268830187338967
Indole,0.286419475882637,0.437081243747684,0.27649928036968
Stearidonic acid,0.32311723745918,0.365807225760853,0.311075536779967
Hippuric acid,0.271531294438746,0.466728515212592,0.261740190348663
Phosphorylcholine,0.270522633308837,0.468759574674101,0.260717792017062
N-Acetylmannosamine,0.325246532684695,0.358048189032939,0.316705278282366
4-Hydroxycinnamoylagmatine,0.314544143363631,0.382309397424683,0.303146459211686
Antibiotic JI-20A,0.312816677526337,0.384365465595914,0.302817856877749
5-Acetamidovalerate,0.283530380919887,0.444387653495289,0.272081965584824
2-Keto-glutaramic acid,0.2903841705115,0.431360036859491,0.27825579262901
Dopamine,0.324404957191515,0.362077603714492,0.313517439093993
Acetylphosphate,0.266237872459508,0.477495908432364,0.256266219108128
7-Dehydrodesmosterol,0.26575944032435,0.478403736041041,0.255836823634609
Phenylpyruvic acid,0.278859910734303,0.453228716999469,0.267911372266228
2-Hydroxy-3-oxoadipate,0.270176433086438,0.469336558162858,0.260487008750705
Succinic acid,0.284075493321671,0.441916233328116,0.274008273350214
4-Guanidinobutanoic acid,0.311982676143652,0.390052605705382,0.297964718150966
13-L-Hydroperoxylinoleic acid,0.281637298072923,0.447122467958385,0.271240233968692
L-Malic acid,0.290837166984691,0.429207368750238,0.279955464265071
Alpha-dimorphecolic acid,0.26853576683695,0.472656498256546,0.258807734906504
Selenomethionine,0.288164200146342,0.434728362683179,0.277107437170479
"(R) 2,3-Dihydroxy-3-methylvalerate",0.276805830234088,0.45727814263476,0.265916027131152
2-Oxoarginine,0.281408126082619,0.448187770831363,0.270404103086017
L-Tyrosine,0.266810327318009,0.476146041117135,0.257043631564856
Uridine,0.293784885012199,0.424856398909402,0.281358716078399
Citric acid,0.287257606196922,0.43528197067991,0.277460423123169
Uric acid,0.278868385375991,0.45207051471777,0.269061099906239
Stachyose,0.267408593419051,0.474902383398255,0.257689023182694
L-Tryptophan,0.268641369352992,0.472390233654756,0.258968396992252
Pantothenic acid,0.292762730343282,0.424047835455158,0.28318943420156
Cytidine,0.268523609949477,0.473325882414267,0.258150507636256
D-Mannose,0.266739497985002,0.477542015652802,0.255718486362196
(R)-3-Hydroxybutyric acid,0.27215501113652,0.467116330029178,0.260728658834302
L-Histidine,0.264362459452196,0.48104324651269,0.254594294035113
3-Methylthiopropionic acid,0.269055137788078,0.472269310755023,0.258675551456899
Shikimic acid,0.26167571684134,0.486663575460473,0.251660707698187
trans-Cinnamate,0.271339362111987,0.46721194579877,0.261448692089243
Fumaric acid,0.334907108146202,0.338969720917778,0.32612317093602
Adenine,0.30881193369155,0.400373196193816,0.290814870114634
Thymidine,0.268878001213461,0.472060352178299,0.25906164660824
17a-Estradiol,0.260219715302982,0.490628478804966,0.249151805892052
Uracil,0.301466566726288,0.409350414315307,0.289183018958405
3-(2-Hydroxyphenyl)propanoic acid,0.334727821393219,0.339223328582361,0.32604885002442
N-Acetylglutamic acid,0.306281997743094,0.400592681386975,0.293125320869931
Prostaglandin F2a,0.289825592161618,0.430534509663835,0.279639898174546
L-Lactic acid,0.269448575801227,0.471956356266151,0.258595067932622
Dimethylglycine,0.329657867119935,0.351364526644786,0.318977606235279
L-Aspartic acid,0.335550377993362,0.339016910615641,0.325432711390997
Dehydroepiandrosterone,0.264203364091075,0.482937070440229,0.252859565468696
"Fructose 1,6-bisphosphate",0.292084753327269,0.427601147577793,0.280314099094938
5-Aminopentanoic acid,0.290167240756167,0.429755524472688,0.280077234771145
Creatinine,0.27550798000978,0.459175263862826,0.265316756127394
4-Hydroxycinnamic acid,0.288627381133278,0.432659427730286,0.278713191136436
1-Naphthylamine,0.304030105652862,0.404093686463194,0.291876207883945
Phenylethylamine,0.267957650721268,0.473868556612345,0.258173792666387
Malonate,0.325336846329604,0.359454832963081,0.315208320707315
5-Hydroxyindoleacetic acid,0.305006714930865,0.404719927793103,0.290273357276032
Threonic acid,0.289828091586133,0.432269782567588,0.27790212584628
12-Keto-leukotriene B4,0.264685841163977,0.481519252461343,0.25379490637468
N-Acetyl-alpha-D-glucosamine 1-phosphate,0.318859478162588,0.372906649956426,0.308233871880986
L-2-Hydroxyglutaric acid,0.332545468078013,0.342741597375671,0.324712934546316
Jasmonic acid,0.260539950255211,0.491667737213185,0.247792312531604
Hepoxilin B3,0.281670132334282,0.446953252540083,0.271376615125635
Lipoxin A4,0.314259220353184,0.380838724821563,0.304902054825253
Ribose 1-phosphate,0.294991945170821,0.421466829091366,0.283541225737813
Sphingosine 1-phosphate,0.290288689919651,0.429994966508328,0.279716343572021
Arbutin,0.290482159176115,0.431267596259349,0.278250244564536
Phospho-anandamide,0.30922930313504,0.390081491887062,0.300689204977898
Prostaglandin A2,0.267332549256153,0.476081517095091,0.256585933648756
Alpha-D-Glucose,0.263424323426002,0.484284520413195,0.252291156160804
Geranylgeranyl-PP,0.272337934973962,0.465177341539385,0.262484723486653
Prostaglandin B2,0.275554480661402,0.458793977644512,0.265651541694086
Traumatic Acid,0.291429312924011,0.429363737830275,0.279206949245715
12-Keto-tetrahydro-leukotriene B4,0.279300599744872,0.452356678563017,0.268342721692112
Glyceric acid,0.280989712371185,0.448261457741224,0.270748829887591
"14,15-DiHETrE",0.258273998405513,0.494017692401519,0.247708309192969
13S-hydroxyoctadecadienoic acid,0.258298603459735,0.494443095850915,0.24725830068935
N-Formyl-L-methionine,0.280759292747834,0.449849761347875,0.269390945904291
Ascorbate,0.328852973157583,0.352391341725059,0.318755685117358
D-Glutamine,0.3244099710242,0.360962847544601,0.314627181431199
Hydrogen phosphate,0.274391159327437,0.464191356317146,0.261417484355418
Deoxyuridine,0.271643283625979,0.468309862653018,0.260046853721003
Allantoic acid,0.318855480736914,0.375051508331427,0.306093010931659
N-Acetylmuramate,0.294560805331318,0.422465816700811,0.282973377967871
Resveratrol,0.274057370535033,0.463603336170279,0.262339293294689
beta-D-Fructose 6-phosphate,0.293543239657038,0.425098696410508,0.281358063932453
"12,13-DHOME",0.261521486325045,0.487087710359811,0.251390803315144
Mesaconate,0.323290222973074,0.363742791669832,0.312966985357094
S-Glutathionyl-L-cysteine,0.378995119555726,0.227218506088029,0.393786374356245
L-Carnitine,0.383827535633186,0.214325086909679,0.401847377457136
Cytosine,0.37202554353579,0.239603818506039,0.38837063795817
L-Kynurenine,0.380109141072211,0.218581617148807,0.401309241778982
Creatine,0.370213040478096,0.2434596124731,0.386327347048803
Spermidine,0.3859674490347,0.205453094325635,0.408579456639664
L-Methionine,0.384422836488729,0.211765778168596,0.403811385342674
Methyl beta-D-galactoside,0.374984819142229,0.237964181112353,0.387050999745418
Pipecolic acid,0.376364289649728,0.234545158482415,0.389090551867857
beta-Alanine,0.372229956107928,0.238033403413772,0.389736640478299
L-Lysine,0.372190545111556,0.240595961287161,0.387213493601283
3-Methylindole,0.374188459949902,0.232858994699991,0.392952545350106
Betaine,0.391979877320962,0.181741107011153,0.426279015667885
Cadaverine,0.372180610719857,0.237987193341627,0.389832195938516
Thymine,0.377898973419568,0.223529627983862,0.39857139859657
L-Isoleucine,0.375091762945298,0.230203951507983,0.394704285546718
Oxoglutaric acid,0.379988803903796,0.234404396065524,0.38560680003068
L-Glutamine,0.382539067377196,0.208537526515821,0.408923406106983
L-Threonine,0.382986228412587,0.213612999115554,0.403400772471859
2-Aminobenzoic acid,0.382653557605282,0.215497883082569,0.401848559312149
L-Leucine,0.370112688389089,0.243710015304474,0.386177296306437
1-Hexadecanol,0.377774238982921,0.233220251789536,0.389005509227543
L-Valine,0.384829697991804,0.205067922628118,0.410102379380077
Linoleic acid,0.372134556138173,0.249403605347828,0.378461838514
Pyroglutamic acid,0.354991166397777,0.289557894830778,0.355450938771445
O-Phosphoethanolamine,0.373692194810043,0.23550354313211,0.390804262057847
Vanillylmandelic acid,0.379235207040554,0.238316381523714,0.382448411435732
Sorbitol,0.373756944704405,0.241365304383721,0.384877750911874
Maleic acid,0.374823732501023,0.242619164765426,0.38255710273355
myo-Inositol,0.363077606775612,0.262257124106311,0.374665269118077
Myristic acid,0.383541008793139,0.21629766823659,0.400161322970271
Pseudouridine,0.395121256272418,0.199569031739879,0.405309711987703
1-Aminocyclopropanecarboxylic acid,0.375649650116251,0.229766544984557,0.394583804899192
Niacinamide,0.372437683013541,0.237878315411184,0.389684001575275
L-Pipecolic acid,0.374894679781287,0.231842479289125,0.393262840929588
L-Asparagine,0.383577432094253,0.220925898058504,0.395496669847243
Aminoadipic acid,0.375225728236967,0.239297106557601,0.385477165205431
5-Methylcytosine,0.372478676180799,0.237679932536152,0.389841391283049
2-Phenylacetamide,0.372366802079192,0.238258246740748,0.38937495118006
Piperidine,0.368783860947416,0.247289083001159,0.383927056051426
O-Acetylcarnitine,0.3655468787296,0.255814926462226,0.378638194808173
Acetylcholine,0.38043314195399,0.215105927930835,0.404460930115175
"(9Z,12Z,15Z)-Octadecatrienoic acid",0.374510334865824,0.248933583462232,0.376556081671944
6-Keto-prostaglandin F1alpha,0.373335081936217,0.242735778963499,0.383929139100284
Sphinganine 1-phosphate,0.373471213604684,0.244699118036837,0.381829668358479
2-Hydroxycinnamic acid,0.375705386377011,0.228864794124527,0.395429819498463
Indoleacetaldehyde,0.369974976786137,0.24450718913358,0.385517834080283
2-Dehydropantoate,0.376207364947909,0.227366824488074,0.396425810564017
Indolepyruvate,0.37488185737295,0.231145239825427,0.393972902801623
Saccharopine,0.385138752967673,0.21408070546004,0.400780541572286
p-Octopamine,0.377266469529435,0.230113731285169,0.392619799185396
Serotonin,0.375523512205135,0.231130634357107,0.393345853437759
Histamine,0.371665628793898,0.24380199092039,0.384532380285712
"5,6-Dihydro-5-fluorouracil",0.369857677235588,0.244312081041983,0.385830241722429
Acetaminophen,0.380692166955527,0.223348395241691,0.395959437802782
"1,1-Dimethylbiguanide",0.382084729171555,0.223805590252679,0.394109680575766
D-Phenyllactic acid,0.373856497602366,0.234183371052129,0.391960131345505
p-Aminobenzoic acid,0.38333547454989,0.219784173196876,0.396880352253234
Choline sulfate,0.375754315920022,0.235575323863573,0.388670360216405
Phenol,0.376781547274298,0.230560555989681,0.392657896736021
Leucodopachrome,0.375147049343946,0.235758718089844,0.38909423256621
4-Oxoglutaramate,0.377262260025478,0.228675715502406,0.394062024472116
2-Deoxystreptamine,0.39136401857624,0.198808697946547,0.409827283477214
2-Hydroxybutyric acid,0.369346925442119,0.245707776589368,0.384945297968513
N6-Acetyl-L-lysine,0.392359584266566,0.18885448906712,0.418785926666314
2-Amino-2-deoxy-D-gluconate,0.37162104682331,0.241646710505343,0.386732242671347
2-Oxo-4-methylthiobutanoic acid,0.368613823566171,0.253600293311314,0.377785883122514
Pyridoxamine,0.371957219736534,0.242896302405638,0.385146477857828
Se-Methylselenocysteine,0.3753035085099,0.232670355849615,0.392026135640485
Pantothenol,0.379720158898447,0.229835234624308,0.390444606477245
Taurine,0.375753423882435,0.229091234598907,0.395155341518658
Dimethyl sulfone,0.369903222051458,0.251265742070189,0.378831035878353
Anserine,0.359077593689957,0.28099408150651,0.359928324803533
Phenylacetic acid,0.386896110630714,0.206981584703717,0.406122304665569
N-Acetyl-L-phenylalanine,0.365408275100083,0.264804886721474,0.369786838178443
N-Acetyl-D-glucosamine,0.375011064753137,0.234505888657822,0.39048304658904
Salicylic acid,0.386144478275617,0.216586185461911,0.397269336262471
1-Methylhistidine,0.37533235089708,0.234953148403001,0.389714500699918
"15-Deoxy-d-12,14-PGJ2",0.368562197249001,0.253561006976541,0.377876795774458
2-Aminophenol,0.365823802475712,0.26321980303236,0.370956394491929
Oxoadipic acid,0.379519925328039,0.233991108203206,0.386488966468756
D-Octopine,0.3738476296343,0.235199224638339,0.390953145727361
"9,10-Epoxyoctadecenoic acid",0.373514935129604,0.23807420327369,0.388410861596706
alpha-Ketoisovaleric acid,0.370078955171254,0.252243432563309,0.377677612265437
N-Acetylaspartylglutamate,0.36306077014218,0.271710446404265,0.365228783453554
