ID,#1,#2,#3
D-Lysopine,0.389996772494291,0.221025299181382,0.388977928324327
2-Keto-6-acetamidocaproate,0.337716177554949,0.328116855002336,0.334166967442715
Sucrose,0.365840683093791,0.273739126288376,0.360420190617833
Glutathione,0.395745085468062,0.215316594319833,0.388938320212105
N-Acetylserotonin,0.373473838824507,0.261642151872863,0.36488400930263
Citrulline,0.349522277947183,0.306574685716186,0.343903036336631
D-Fructose,0.359822026182494,0.288022568431227,0.352155405386279
L-Glutamic acid,0.38144924516751,0.238389424660382,0.380161330172108
1H-Indole-3-acetamide,0.348233964574739,0.312040026679265,0.339726008745996
Nicotinic acid,0.376509689628489,0.247268232033185,0.376222078338325
L-Proline,0.385004143826762,0.234352091746241,0.380643764426997
Sphinganine,0.352213502241247,0.304017481146994,0.343769016611759
Urocanic acid,0.386581795178653,0.238065458577028,0.375352746244319
3-Dehydroshikimate,0.337429365290036,0.329121990945774,0.33344864376419
pantothenic acid,0.376226814756502,0.249389739299543,0.374383445943955
Succinic acid semialdehyde,0.370782422856353,0.263220683946399,0.365996893197248
Homovanillic acid,0.343128419317813,0.319094491808443,0.337777088873744
Dihydroxyacetone phosphate,0.336340025635556,0.33351668838023,0.330143285984213
Cortexolone,0.355738296656126,0.291707327005825,0.352554376338049
Xanthine,0.394397250988534,0.220233686940955,0.385369062070512
Stearidonic acid,0.379774020796482,0.241884173819007,0.37834180538451
N-Acetylneuraminate,0.350266393533259,0.310568618693508,0.339164987773233
N-Acetylmannosamine,0.367484842255005,0.265617605706818,0.366897552038177
Maleic acid homopolymer,0.369574252494431,0.264957525621324,0.365468221884245
Indole-3-acetaldehyde oxime,0.342144838044398,0.322370103967353,0.335485057988248
N2-Succinyl-L-ornithine,0.33749652096259,0.334051413405282,0.328452065632128
Dopamine,0.37560386151754,0.24994883523032,0.37444730325214
"3-(3,4-Dihydroxyphenyl)pyruvate",0.36637790709967,0.272331761623231,0.361290331277099
12-OPDA,0.353147108613076,0.29780177207179,0.349051119315134
N-a-Acetylcitrulline,0.356603734304039,0.29528097429603,0.34811529139993
N-Formyl-L-glutamic acid,0.33913602879597,0.327715230771321,0.333148740432709
cis-Aconitic acid,0.345700226013637,0.31658679914747,0.337712974838893
Formylanthranilic acid,0.364638596874722,0.276189438783622,0.359171964341656
6-Methylmercaptopurine,0.340949820827651,0.322854725479913,0.336195453692437
1-Pyrroline-2-carboxylic acid,0.363633030376443,0.280562987166313,0.355803982457244
4-Guanidinobutanoic acid,0.390595111624111,0.218897817017627,0.390507071358263
Phosphoserine,0.335554274377797,0.333616026571385,0.330829699050818
Gentamicin C1a,0.35847715827983,0.28673461344651,0.35478822827366
D-Glucose,0.340305819907358,0.324252481319958,0.335441698772684
Dehydroascorbate,0.345071958626267,0.314248127758081,0.340679913615652
Fumaric acid,0.364638601243655,0.273590759179604,0.361770639576741
Adenine,0.404685977763419,0.19286726750283,0.402446754733751
3-(2-Hydroxyphenyl)propanoic acid,0.364412746105926,0.273630396237714,0.36195685765636
Kynurenic acid,0.336682599995585,0.332432396363194,0.330885003641221
Dimethylglycine,0.372856032401161,0.256873083555229,0.37027088404361
L-Aspartic acid,0.368626362806573,0.266266996414494,0.365106640778932
Guanosine,0.342829570209575,0.320980367557329,0.336190062233095
Malonate,0.372891174056041,0.25559164368732,0.371517182256639
L-Phenylalanine,0.344173647507601,0.31881846936787,0.337007883124529
N-Acetyl-alpha-D-glucosamine 1-phosphate,0.377001045228884,0.246298189350333,0.376700765420783
Glucosamine 6-phosphate,0.34894534576142,0.307027228807291,0.344027425431289
Gluconolactone,0.348445330703177,0.307432883682379,0.344121785614444
L-2-Hydroxyglutaric acid,0.362450324720714,0.276830491888928,0.360719183390358
2-Isopropylmalic acid,0.357801546413297,0.292253032073299,0.349945421513404
Thromboxane B2,0.365027993792828,0.275823704393065,0.359148301814107
19(S)-HETE,0.342521132418781,0.322054278850295,0.335424588730924
Gentisic acid,0.376368634531171,0.252233531140833,0.371397834327996
Ascorbate,0.371358652875486,0.259290079220896,0.369351267903618
D-Glutamine,0.371911865642161,0.256960097418985,0.371128036938854
Allantoic acid,0.384021857708371,0.233242086789534,0.382736055502094
Mesaconate,0.374201515175705,0.252366610799929,0.373431874024366
S-Glutathionyl-L-cysteine,0.269319212824485,0.467472117482386,0.263208669693128
L-Carnitine,0.259936317993353,0.486611009603117,0.253452672403529
Cytosine,0.256749343101052,0.491162617391573,0.252088039507375
L-Kynurenine,0.2404193518025,0.524542391399093,0.235038256798407
Deoxycytidine,0.327844610805026,0.349535765759088,0.322619623435887
Creatine,0.256426122329192,0.491523130540656,0.252050747130152
Spermidine,0.242397664307503,0.5214794846888,0.236122851003697
L-Methionine,0.254143257879186,0.498138112550599,0.247718629570215
Methyl beta-D-galactoside,0.27999014325934,0.445784207863226,0.274225648877434
Pipecolic acid,0.277046864827372,0.451840515289744,0.271112619882884
beta-Alanine,0.250246579873534,0.504030579338449,0.245722840788017
L-Lysine,0.263908940384391,0.47707069720503,0.25902036241058
3-Methylindole,0.244796585502695,0.515084740195432,0.240118674301873
Betaine,0.201932067683439,0.602043094960661,0.1960248373559
Cadaverine,0.249336208127801,0.505819655850074,0.244844136022125
Thymine,0.239183637395426,0.526692826965474,0.2341235356391
L-Isoleucine,0.240763161156265,0.523189477708735,0.236047361135
Oxoglutaric acid,0.304156361219772,0.399207183384677,0.296636455395551
L-Glutamine,0.213684686645758,0.577664848663323,0.208650464690918
L-Threonine,0.248689373402735,0.5086337754081,0.242676851189165
2-Aminobenzoic acid,0.254102348818738,0.497921236263869,0.247976414917393
L-Leucine,0.256480993854019,0.491404397113957,0.252114609032024
1-Hexadecanol,0.283964344933897,0.438457988169219,0.277577666896883
L-Valine,0.226580439521282,0.552506737906948,0.22091282257177
Linoleic acid,0.302178877908356,0.401751030223263,0.296070091868381
Pyroglutamic acid,0.326355891842882,0.351337129547635,0.322306978609483
O-Phosphoethanolamine,0.254992273184718,0.494837620081282,0.250170106734
Vanillylmandelic acid,0.311219656108616,0.385385698472349,0.303394645419035
Sorbitol,0.283855595934599,0.43796696941436,0.278177434651041
Maleic acid,0.296727413557112,0.412935621296318,0.29033696514657
myo-Inositol,0.277544016295803,0.448679794485173,0.273776189219024
Palmitic acid,0.332652706159116,0.341816422109039,0.325530871731845
Myristic acid,0.265404271245712,0.475822268907177,0.25877345984711
Pseudouridine,0.291189422455253,0.426957920991048,0.281852656553699
1-Aminocyclopropanecarboxylic acid,0.245574865596332,0.513773777580705,0.240651356822963
Niacinamide,0.252359204081004,0.499872619038607,0.24776817688039
L-Pipecolic acid,0.247904263625426,0.509064763515123,0.243030972859451
L-Asparagine,0.282961126316288,0.441311908225231,0.275726965458481
gamma-Glutamylalanine,0.328070326475433,0.349373265826634,0.322556407697933
Aminoadipic acid,0.287782237463208,0.430478385899117,0.281739376637675
5-Methylcytosine,0.25210222742166,0.500373490441207,0.247524282137133
2-Phenylacetamide,0.253309292472533,0.497996105512713,0.248694602014754
Piperidine,0.260742353631647,0.48278307762604,0.256474568742313
O-Acetylcarnitine,0.270480303101203,0.463030369530296,0.2664893273685
Acetylcholine,0.22322860681206,0.558549164517983,0.218222228669957
"(9Z,12Z,15Z)-Octadecatrienoic acid",0.316468141282926,0.374214532802369,0.309317325914704
6-Keto-prostaglandin F1alpha,0.284903807873123,0.435918054659327,0.27917813746755
Protoporphyrinogen IX,0.327304199793705,0.351743297367463,0.320952502838833
Sphinganine 1-phosphate,0.294969869273161,0.416073063577223,0.288957067149616
Glycerophosphocholine,0.320307730374781,0.369628199126176,0.310064070499043
2-Hydroxycinnamic acid,0.241208896722535,0.522388848435315,0.236402254842149
Indoleacetaldehyde,0.259428082604924,0.485555609117057,0.255016308278018
2-Dehydropantoate,0.238691733198073,0.52743309317674,0.233875173625187
Indolepyruvate,0.243838938916243,0.517073014422926,0.239088046660831
Saccharopine,0.270705572185086,0.465602100556325,0.263692327258589
p-Octopamine,0.265855418786007,0.474016443292975,0.260128137921017
N-Acetylornithine,0.334206040480314,0.338684463121493,0.327109496398193
Serotonin,0.252047435499299,0.500968025865599,0.246984538635102
Histamine,0.274903479831928,0.455274364266983,0.269822155901089
"5,6-Dihydro-5-fluorouracil",0.256950432297656,0.490430946393355,0.25261862130899
Acetaminophen,0.269679749968519,0.466956115212713,0.263364134818768
"1,1-Dimethylbiguanide",0.281834509586066,0.443343345002818,0.274822145411116
N6-Acetyl-N6-hydroxy-L-lysine,0.329993757811293,0.344302695966449,0.325703546222257
Retinol,0.33087993099565,0.346405950240309,0.322714118764041
D-Phenyllactic acid,0.248718636253046,0.507275787078569,0.244005576668384
p-Aminobenzoic acid,0.278048116675577,0.450881110296663,0.27107077302776
Choline sulfate,0.276874391111372,0.452017389412818,0.27110821947581
Phenol,0.263371597244796,0.478800583545488,0.257827819209716
Leucodopachrome,0.271703591942209,0.462142600053176,0.266153808004616
4-Oxoglutaramate,0.259297390577736,0.486903684033615,0.253798925388649
2-Deoxystreptamine,0.265749719309335,0.476225732010111,0.258024548680555
2-Hydroxybutyric acid,0.258678414303172,0.486940565278171,0.254381020418658
N6-Acetyl-L-lysine,0.236407946803479,0.534189960140619,0.229402093055902
2-Amino-2-deoxy-D-gluconate,0.26396364100931,0.47682265076866,0.25921370822203
2-Oxo-4-methylthiobutanoic acid,0.290948427919709,0.423174773774294,0.285876798305997
Pyridoxamine,0.2737126937375,0.457643429988834,0.268643876273666
"3,4-Dihydroxymandelic acid",0.331228458891229,0.344244689794773,0.324526851313998
Se-Methylselenocysteine,0.25817710051467,0.488812710548427,0.253010188936903
Pantothenol,0.286091745857421,0.434622195554653,0.279286058587926
Taurine,0.243001308175481,0.51886513404888,0.238133557775639
Dimethyl sulfone,0.291505549547779,0.422373852685688,0.286120597766533
Anserine,0.323633791499293,0.357529553526812,0.318836654973895
Phenylacetic acid,0.258871843786251,0.48912371288076,0.252004443332989
Pyruvic acid,0.32918218013849,0.348042086028605,0.322775733832905
N-Acetyl-L-phenylalanine,0.309420556498384,0.386508893492966,0.304070550008651
N-Acetyl-D-glucosamine,0.263952206650486,0.477406738421858,0.258641054927656
Salicylic acid,0.28677568904331,0.43419612201373,0.27902818894296
1-Methylhistidine,0.269725577572111,0.466070248214759,0.26420417421313
"15-Deoxy-d-12,14-PGJ2",0.290691403808818,0.423628821284324,0.285679774906858
2-Aminophenol,0.306389947680353,0.392514174399702,0.301095877919944
Oxoadipic acid,0.30005573159893,0.407120948400706,0.292823320000364
D-Octopine,0.254525013206149,0.495808050995765,0.249666935798086
"9,10-Epoxyoctadecenoic acid",0.266359757046684,0.472385808514439,0.261254434438877
alpha-Ketoisovaleric acid,0.296618690067693,0.412379484410824,0.291001825521482
N-Acetylaspartylglutamate,0.3180005184838,0.369281798022443,0.312717683493757
Imidazol-5-yl-pyruvate,0.385486052931926,0.221645687401553,0.392868259666521
"(3S,5S)-3,5-Diaminohexanoate",0.391428472986378,0.207984071724202,0.40058745528942
L-Arginine,0.39067409000807,0.210326791301766,0.398999118690165
Glycocholic acid,0.392795919678404,0.20326545879036,0.403938621531237
Picolinic acid,0.390795712927054,0.211196247675086,0.39800803939786
Taurocholic acid,0.387798917596622,0.220922088313322,0.391278994090056
Mannitol,0.391437434259348,0.205994902486602,0.402567663254051
D-Xylose,0.380002923058396,0.239207091994351,0.380789984947253
Hydroquinone,0.388258320915167,0.213971594950192,0.397770084134642
Norepinephrine,0.375362565647185,0.246213193225025,0.378424241127789
Methyl jasmonate,0.384688760146769,0.223021443982952,0.39228979587028
L-Serine,0.374887689722834,0.249797654406752,0.375314655870414
Phenylacetaldehyde,0.391493579637624,0.20951521367626,0.398991206686116
Ethylmethylacetic acid,0.388380315066597,0.212863281000591,0.398756403932812
Ureidopropionic acid,0.384086734118849,0.226789321910577,0.389123943970574
Ketoleucine,0.385358075565549,0.222138503927939,0.392503420506512
Porphobilinogen,0.391873707361187,0.204849569456153,0.40327672318266
"4,5-Dihydroorotic acid",0.390432217222844,0.207491807497636,0.40207597527952
4-Pyridoxic acid,0.38431830592819,0.226629414492366,0.389052279579444
Dodecanoic acid,0.390346344628211,0.20789386400933,0.401759791362458
Oleic acid,0.394546342961619,0.208949520763289,0.396504136275092
Pimelic acid,0.397166271672974,0.193616844298132,0.409216884028894
Ciliatine,0.390514859989524,0.207151016394261,0.402334123616216
Phosphonoacetate,0.386524756248206,0.217699843458269,0.395775400293524
Choline,0.386184753181464,0.218508682462331,0.395306564356204
Indole,0.385256539941855,0.22226423991849,0.392479220139654
Hippuric acid,0.388842133136423,0.211766611088782,0.399391255774794
Phosphorylcholine,0.389173200414702,0.210915987658157,0.399910811927141
4-Hydroxycinnamoylagmatine,0.380923756725359,0.237457483666636,0.381618759608005
Antibiotic JI-20A,0.376965743645031,0.244399539732096,0.378634716622872
5-Acetamidovalerate,0.391715469113458,0.209259291309131,0.399025239577411
2-Keto-glutaramic acid,0.392040190548228,0.210357385028796,0.397602424422976
Acetylphosphate,0.391023053182552,0.206352980918362,0.402623965899087
7-Dehydrodesmosterol,0.390928666113618,0.206393615770895,0.402677718115487
Phenylpyruvic acid,0.391246058385818,0.2089231085139,0.399830833100282
2-Hydroxy-3-oxoadipate,0.388806635630911,0.211514227504753,0.399679136864336
Succinic acid,0.386400919448456,0.219481396527806,0.394117684023738
13-L-Hydroperoxylinoleic acid,0.388324273177263,0.215165918358202,0.396509808464535
L-Malic acid,0.387488113266488,0.219143273442671,0.39336861329084
Alpha-dimorphecolic acid,0.389383893041182,0.210027970620002,0.400588136338817
Selenomethionine,0.388803058177197,0.215968367173563,0.39522857464924
"(R) 2,3-Dihydroxy-3-methylvalerate",0.391709452994159,0.207545214995066,0.400745332010775
2-Oxoarginine,0.390768291611494,0.210487795735291,0.398743912653215
L-Tyrosine,0.390014856482526,0.208408343996927,0.401576799520547
Uridine,0.392210006862437,0.211239075495107,0.396550917642456
Citric acid,0.384438687260159,0.223998420285086,0.391562892454755
Uric acid,0.386889845032193,0.217306107168913,0.395804047798894
Stachyose,0.389665148036248,0.209224204663556,0.401110647300197
L-Tryptophan,0.389137705125169,0.21050762275836,0.400354672116471
Pantothenic acid,0.381965862072359,0.230054758759603,0.387979379168038
Cytidine,0.39201340951275,0.204997850018468,0.402988740468782
D-Mannose,0.39506146609554,0.198694958489069,0.40624357541539
(R)-3-Hydroxybutyric acid,0.395301059899792,0.199764112579509,0.4049348275207
L-Histidine,0.390651270912795,0.206597045041488,0.402751684045717
3-Methylthiopropionic acid,0.391867865335331,0.205405420268708,0.402726714395961
Shikimic acid,0.392426399906883,0.202602918133102,0.404970681960016
trans-Cinnamate,0.389301712724031,0.21086065227552,0.399837635000449
Thymidine,0.389662378068462,0.209570855039878,0.40076676689166
17a-Estradiol,0.397009640462081,0.193329426771379,0.409660932766541
Uracil,0.389029407277704,0.219228690614956,0.39174190210734
N-Acetylglutamic acid,0.390205301915205,0.218475915315154,0.391318782769641
Prostaglandin F2a,0.385068244807733,0.223397917548409,0.391533837643858
L-Lactic acid,0.39358738669368,0.202157024867983,0.404255588438337
Dehydroepiandrosterone,0.397051985437314,0.194234201478113,0.408713813084573
"Fructose 1,6-bisphosphate",0.390157148318282,0.214467840526328,0.39537501115539
5-Aminopentanoic acid,0.384700614834669,0.224134189605481,0.391165195559851
Creatinine,0.389321692256246,0.211782666797082,0.398895640946672
4-Hydroxycinnamic acid,0.384448445093864,0.224310359509735,0.391241195396401
1-Naphthylamine,0.387324369361358,0.222665823734664,0.390009806903978
Phenylethylamine,0.389769619570678,0.209148504145083,0.401081876284239
5-Hydroxyindoleacetic acid,0.395741326444998,0.207736779779345,0.396521893775657
Threonic acid,0.391769517348576,0.211054462634826,0.397176020016598
12-Keto-leukotriene B4,0.395099292073988,0.198108580150925,0.406792127775087
Jasmonic acid,0.40376723182546,0.180684414027903,0.415548354146636
Hepoxilin B3,0.387983917553957,0.215808197588745,0.396207884857298
Lipoxin A4,0.374263215891242,0.249907319485331,0.375829464623427
Ribose 1-phosphate,0.388339333122299,0.218713396551389,0.392947270326312
Sphingosine 1-phosphate,0.386456904564117,0.220822435950669,0.392720659485214
Arbutin,0.392721701121054,0.209438456903503,0.397839841975443
Phospho-anandamide,0.373140110416532,0.250775670286145,0.376084219297323
Prostaglandin A2,0.393854703780007,0.201147422266576,0.404997873953417
Alpha-D-Glucose,0.396372259919806,0.19535297729978,0.408274762780414
Geranylgeranyl-PP,0.388862305976302,0.211886669709471,0.399251024314227
Prostaglandin B2,0.388190043929723,0.214016523451092,0.397793432619186
Traumatic Acid,0.39219000568642,0.210465631851147,0.397344362462433
12-Keto-tetrahydro-leukotriene B4,0.391268983359532,0.209149687176768,0.3995813294637
Glyceric acid,0.388043887983212,0.215578427644564,0.396377684372224
"14,15-DiHETrE",0.395521641062002,0.195770686974315,0.408707671963683
13S-hydroxyoctadecadienoic acid,0.397510582330942,0.191983820860463,0.410505596808595
N-Formyl-L-methionine,0.392252152843308,0.207520654099548,0.400227193057144
Hydrogen phosphate,0.400657938243025,0.190304124604902,0.409037937152072
Deoxyuridine,0.3961054677998,0.198083593730686,0.405810938469514
N-Acetylmuramate,0.389017782924404,0.217464265783484,0.393517951292113
Resveratrol,0.395832706767004,0.1992076912504,0.404959601982597
beta-D-Fructose 6-phosphate,0.391504411344319,0.212557080560034,0.395938508095647
"12,13-DHOME",0.392958994132985,0.201501043379954,0.405539962487061
