ID,#1,#2,#3,#4,#5,#6,#7,#8,#9,#10,#11,#12
Glycocholic acid,0.114679947407768,0.0496598582777806,0.113069277916216,0.0586922806486195,0.0992814861346848,0.060098815225329,0.0875190562340312,0.0818106647278419,0.112708586595726,0.0666651320234955,0.11109451362284,0.0447203811856665
Taurocholic acid,0.125466856714673,0.0627913251025918,0.125260950976481,0.040799237101979,0.115430089193431,0.0682165879811898,0.10854836670087,0.0273100064829346,0.124478044749737,0.0206923669380053,0.120277346368524,0.0607288216895817
Phenylacetaldehyde,0.138294512193817,0.0490309390999993,0.136871283941933,0.0607266089197697,0.0959150198036592,0.0549219708325229,0.0848818484641347,0.0497968280962561,0.130989252963656,0.0373063979952046,0.114486461500404,0.0467788761886435
Ketoleucine,0.128019966967451,0.0484295971399847,0.125962792005396,0.0648680770535493,0.0961624130700134,0.05548046739751,0.0837648409974608,0.068083353964508,0.122443239969844,0.0488478351422462,0.112607537599433,0.0453298786926037
"4,5-Dihydroorotic acid",0.116642675399458,0.0464461100339337,0.11522871486946,0.0836969903507635,0.0901470592547882,0.0535023240115851,0.0786718858288718,0.0844641059434355,0.112626691112268,0.0703293873193323,0.104883556779067,0.043360499097037
Pimelic acid,0.136399537959441,0.0504090740418012,0.135371592048712,0.0576343583159843,0.102307843812148,0.056221217929014,0.0901315713076246,0.0396586462078676,0.131219292967755,0.034018014568768,0.118440105096064,0.0481887457448199
Choline,0.109269570230875,0.0542681938675026,0.107860545418592,0.0675171531941557,0.0969863255239978,0.0634379449065662,0.0868407910558747,0.0783470156924795,0.107625982200799,0.0714991592673764,0.106854662153425,0.0494926564883552
Phosphorylcholine,0.110754403034399,0.0471627322917586,0.109746938595735,0.0843642161283734,0.0874828924238795,0.0540749174264629,0.0772823064275314,0.0793904623042973,0.107572248296745,0.0974381511269672,0.100705770096186,0.0440249618476649
Dopamine,0.134192753205788,0.0552484650060146,0.133795183632709,0.0484144161777118,0.0971008665203479,0.063064339425587,0.0911159299922491,0.050147243165953,0.128637602553289,0.0335310396869763,0.112629277252015,0.0521228833813607
Alpha-dimorphecolic acid,0.114694704457813,0.0475305186364676,0.114635507608116,0.11140466105612,0.0806017043488659,0.0523195926953576,0.073116928874605,0.0774298226887379,0.109695015913364,0.077141315049184,0.0953930468899321,0.0460371817814376
Selenomethionine,0.148383082462062,0.0400959085629026,0.145266633762788,0.0487963403131586,0.104536423980026,0.0478459886658785,0.0858397486000627,0.0407127589669883,0.14125401184017,0.0317984629094987,0.128700867699194,0.0367697722372706
L-Tyrosine,0.110666551928442,0.0486131393509364,0.110487148215954,0.102044553973666,0.0796814966984224,0.0538621219118581,0.0730131540659815,0.0981479446721284,0.106070190953326,0.0773080672055184,0.0932227226468967,0.0468829083768694
Uric acid,0.111236720702199,0.0700028550892194,0.109757699233267,0.0523870335381709,0.102040228601307,0.0757544213144692,0.095827710306425,0.0596173210067082,0.108947963604323,0.0404929071950916,0.107370024988585,0.0665651144202355
Stachyose,0.112406277281643,0.0497298893762251,0.111865899296938,0.0920330597080593,0.0813968713831443,0.0547951460582146,0.0742000540405351,0.0920241588283029,0.107499326525061,0.0810348218351444,0.0951023658666147,0.0479121298001182
trans-Cinnamate,0.126775608187424,0.0480619820947889,0.124758847682589,0.0674449691048851,0.0956710772897049,0.0550655438861478,0.0830750472404965,0.0676075006256825,0.121454481970458,0.0530175968779322,0.112144801648049,0.044922543391842
Phenylethylamine,0.114850493918546,0.0490609477856826,0.114320530203933,0.0908939240389929,0.0815938991072956,0.0541453711976244,0.074182355595952,0.0880395637589453,0.109544405012345,0.0800443548796028,0.0960694628559808,0.0472546916450989
Alpha-D-Glucose,0.138726090907112,0.0500761603037351,0.137005701256558,0.0483695148858134,0.0949470778480923,0.0576634791351156,0.0860843581109754,0.0617024952496473,0.130685876422239,0.0345433848539085,0.113161870699096,0.047033990327708
19(S)-HETE,0.136833974238116,0.0555344729667424,0.135671333604071,0.036423485245416,0.103277372368721,0.0649348413691134,0.0977453499368262,0.0464810087718574,0.131016500403545,0.0235935135978553,0.116604519447645,0.0518836280500906
Prostaglandin B2,0.110249956415556,0.0487932334708989,0.11004071964841,0.106967163244884,0.0797125780924407,0.0535589790839373,0.0727510388162129,0.0866336083695056,0.105725296916318,0.0851351114828165,0.0932077180973306,0.0472245963616879
Deoxycytidine,0.0373385248698126,0.22837784348523,0.0379112038580493,0.0166826229009951,0.0671667984014338,0.195078709490501,0.094212972182554,0.0117515263907257,0.0401303423915093,0.00883795643317091,0.047769378956061,0.214742120639957
Creatine,0.0172435172957263,0.363774496973912,0.0173235059752327,0.00743906181231365,0.0295036108242471,0.168136170785572,0.0398815164914752,0.00787544188714416,0.0182040499222463,0.00503036728091416,0.0215400894520699,0.304048171299147
beta-Alanine,0.0196341417289817,0.346463692121616,0.0197082884931214,0.00783914535960499,0.0351516026463566,0.245850825212559,0.0487525639839519,0.0087418922880438,0.0208031183081873,0.00527647768541198,0.0250315554478877,0.216746696724278
3-Methylindole,0.013499993960504,0.397802397309372,0.0135816206871779,0.00531012504162594,0.0250124036538055,0.155231633879861,0.0354922457362716,0.00506066842408661,0.0143560860653369,0.00333269616669653,0.0173306898594746,0.313989439215788
Betaine,0.0194903068237145,0.329912579191361,0.0196844904870081,0.0088413456554752,0.0358288778932771,0.173751640967669,0.0501598299689255,0.00715272211075781,0.020834553605586,0.00514885031626307,0.0251098797949947,0.304084923184968
L-Glutamine,0.0230163678654952,0.31917139569035,0.0231961615384695,0.00997112942242796,0.0403018573165761,0.176784623164784,0.0548343145478002,0.0086564305175989,0.0244555508625838,0.00658899449514433,0.0291118195299441,0.283911355048827
Sorbitol,0.052492292048948,0.191369017189412,0.052748486347865,0.0217812966482418,0.0722315365274987,0.177562620412257,0.0903584186858898,0.028829049157279,0.054348027057824,0.0153993469395117,0.0595538710012231,0.18332603798405
Palmitic acid,0.0499422342979384,0.182970014431138,0.0510122502892431,0.0244465190276077,0.0842644270246448,0.171779957770495,0.113708680398688,0.0145944243961706,0.0538236754765339,0.0134986007961629,0.0624906798563079,0.17746853623507
Dihydroxyacetone phosphate,0.0308764829046879,0.271466908177913,0.0309449338277289,0.0107644855789162,0.0535118213917218,0.233964721634493,0.0736188903555795,0.0120611825219465,0.0325623225685356,0.00713530034088969,0.0387239834841141,0.204368967213475
Myristic acid,0.0219343520298489,0.322816355629976,0.0219858356020824,0.00871891236071875,0.0365532639751404,0.166666218402506,0.048723715682259,0.00973634516246601,0.02302449439343,0.00596218084613235,0.0269955682512132,0.306882757664227
1-Aminocyclopropanecarboxylic acid,0.0272936167123064,0.275395214101397,0.0275563967411343,0.0130652426316062,0.0490364117955048,0.223883811269472,0.0673969320374924,0.0119487356201848,0.0291221476922345,0.00779577749061154,0.0348978959277188,0.232607817980338
2-Phenylacetamide,0.0208939395476243,0.32031583575102,0.0210260288018616,0.00927300962386323,0.0378160311469708,0.24388118654708,0.0524845061928301,0.00981189833359273,0.0222162174175291,0.00575051292814605,0.0267545920691158,0.229776241640366
Acetylcholine,0.0195248582099986,0.346591192437,0.0195986437375739,0.00791423491488999,0.0337930478183956,0.231850986457274,0.0464099830520013,0.0094484873009319,0.0206154639876876,0.00547825854957404,0.024486984005578,0.234287859529095
2-Hydroxycinnamic acid,0.0244334559328104,0.305831671013816,0.024558574119571,0.0113220814028518,0.0421991865713085,0.201804244068148,0.0561923673936512,0.0118411392147161,0.0258467108322379,0.0075148238836301,0.0307476577329568,0.257708087834303
Indoleacetaldehyde,0.0141457865309467,0.402812811583056,0.0142090142536956,0.00543118134700608,0.0260208330982369,0.161071199491578,0.0366238226685496,0.00538636121400049,0.0150091999272368,0.00348140262939695,0.01811792643152,0.297690460824777
2-Dehydropantoate,0.0226801378068946,0.295261558853309,0.0227251776168481,0.00779458137211091,0.0459057185883072,0.293912589135615,0.0669537236714191,0.00818955162310692,0.0242037331825826,0.00485173150296459,0.0302465468559801,0.177274949790861
Saccharopine,0.0416439397691585,0.231170382550193,0.0419879811510174,0.016171691914466,0.0649604818116248,0.169626495527537,0.0849171836948072,0.0139450189365113,0.0438215763101098,0.0111288525677935,0.0500283074763027,0.230598088290479
4-Oxoglutaramate,0.0271741407396557,0.289636972755107,0.0273175303559192,0.0121365226789237,0.0508199053901083,0.212712355073833,0.0687010542511999,0.0107907866405734,0.0289706912284547,0.00733547379072278,0.03547421540532,0.228930351690182
2-Oxo-4-methylthiobutanoic acid,0.0506171698758958,0.18727286222894,0.0515714687712869,0.0244875093824236,0.0806160211991229,0.168792758210166,0.105560902329556,0.0160582755451173,0.0540994922033536,0.0160830307599561,0.0617627131088203,0.183077796385361
Pantothenol,0.0502017914240649,0.19803907701461,0.0500528516946265,0.0166889866100963,0.081119719142955,0.179616218702156,0.102552073447654,0.0190547289058499,0.0523120345479499,0.0108003482353407,0.0611757028424893,0.178386467432208
Gentamicin C1a,0.0385601967836699,0.237428351909528,0.038582774924614,0.0156695506424571,0.0624028988316445,0.217483801568502,0.0798233815169702,0.0199656893660409,0.0404055582043375,0.0123293522098054,0.0473756316527549,0.189972812389675
Taurine,0.0293245607543808,0.270629338516427,0.0293487966304919,0.0119931633830053,0.0525311705461272,0.245458839222314,0.0702447592602689,0.0144033729701749,0.0309771495548356,0.00767169885522556,0.037490184332501,0.199926965974248
Dimethyl sulfone,0.0308468755437421,0.268903273327025,0.0309555678499685,0.0131501457359308,0.0568608344781294,0.227243637526926,0.0758286461554505,0.01268587900534,0.0328017363194926,0.00872240442609962,0.0401084028487385,0.201892596783158
Kynurenic acid,0.0469051890150358,0.196973716291847,0.0471888578272303,0.0253962432896633,0.0745607950866513,0.194015264188354,0.092163954469323,0.0260003026417699,0.0494761218529354,0.0188918319690775,0.0577689862094334,0.170658737158679
2-Isopropylmalic acid,0.0388487963537649,0.226486283471106,0.0390781110057464,0.0137923059093909,0.0675574499094614,0.203550837427795,0.0929472688964586,0.0140691632761436,0.0410820326813697,0.00836257986272173,0.0484299970812083,0.205795174124833
L-Arginine,0.128638877183593,0.048040385715426,0.128996421472665,0.0894681078437266,0.0848048879577198,0.0522070985051537,0.0766281696351937,0.0514149660190274,0.121993178867605,0.0685687706147275,0.102293541878068,0.0469455943070938
Norepinephrine,0.123739161279911,0.0505266516399819,0.123760425363439,0.0694539995894332,0.0825398821137761,0.0560467510792505,0.0766571214192283,0.0760149015073689,0.117100030642509,0.0769534605166867,0.098529115857719,0.0486784989906954
Pyroglutamic acid,0.139410983407721,0.0525845458202124,0.140740420923477,0.05622647129181,0.0902382317504882,0.0574821828916888,0.0846765175377475,0.0405041333344177,0.132261904088867,0.046639572457301,0.107931475144837,0.0513035613514312
Homovanillic acid,0.108603630531485,0.0543225102142941,0.110824037988007,0.0705349195548242,0.0952368048576439,0.0665019565912943,0.0927185771212111,0.0477630994822988,0.110511685301573,0.0896920442966737,0.103878873913553,0.0494118601471426
Cortexolone,0.113266588486363,0.067032593672048,0.116609898890054,0.0678965832719341,0.0941650999944093,0.0725049244875601,0.095959057004453,0.0327249677878271,0.114163572415839,0.0581234100288957,0.101642078143422,0.0659112258171946
Stearidonic acid,0.119632063146566,0.0683142159578373,0.122485234243037,0.0603843019902004,0.100780134340963,0.0714269826014294,0.101385034733027,0.0296591188219477,0.119675330937004,0.0298798782828647,0.107093113705083,0.0692845912400409
Maleic acid homopolymer,0.117909682050963,0.0461439210044127,0.120129277126924,0.0684115225912713,0.0883909112828793,0.0551943135317685,0.0825744916218077,0.0424885477120488,0.117221901265893,0.115676486055894,0.103368659952319,0.0424902858038189
5-Acetamidovalerate,0.125799086496858,0.0580372661156214,0.128286867876923,0.0784648922979562,0.0933604686210662,0.0617836328144593,0.0895847010528186,0.0365745416838519,0.12318555431087,0.0412032914241893,0.10560557563255,0.0581141216728348
Phosphoserine,0.139683834151684,0.0484296599785006,0.140540687734871,0.0719283368657083,0.0954655228810179,0.0532271889458927,0.0856924778140747,0.0363864384711633,0.133942933410741,0.0337834782755935,0.113696856063465,0.0472225854072885
Mesaconate,0.118993585451314,0.0506573131870735,0.121769989323774,0.0732906422166589,0.0993485986515219,0.0590901311189979,0.0927275357902026,0.0305990632716238,0.120827685761712,0.0742006381447899,0.111317005627809,0.0471778114545222
Mannitol,0.0865081425259987,0.0520978564875227,0.0875618095470735,0.161961535129781,0.0816387125370231,0.0583943208039997,0.0769107909657693,0.0435859171258027,0.0879749857493871,0.127420943758386,0.086694904326659,0.0492500810425976
L-Serine,0.0904483561022324,0.0426560018522245,0.0923855306536121,0.233622761256864,0.0819967105776871,0.0499129783001461,0.0754213494422136,0.036279313720702,0.0927752434451645,0.075030777210751,0.0895108045788059,0.0399601728595964
Ethylmethylacetic acid,0.0709810855064124,0.0346153599863417,0.071921436576378,0.291837900356657,0.0567126764819883,0.0381256770047547,0.0522574980343901,0.0408093899841341,0.0704575177060008,0.174430381130101,0.0643524949834039,0.0334985822494383
Porphobilinogen,0.107520403690571,0.048026152625641,0.107812010245417,0.125755037097816,0.0988317951943657,0.0559157647073974,0.086650734172121,0.0464970783039438,0.108450547700856,0.0618548569256194,0.108038754145668,0.0446468651905833
Indole,0.0694404216320452,0.0341568113427453,0.0702664421069658,0.289518916800073,0.0560889937712897,0.0378235199060594,0.0516000426497614,0.0431863299608668,0.0689754713450698,0.182563464195845,0.0634652472063216,0.0329143390829572
Formylanthranilic acid,0.107150965388775,0.0408201787714561,0.109008090448519,0.141720935999423,0.112914147231256,0.0532523569479545,0.0982683415931236,0.0407497819234246,0.112971499652944,0.0271291414844697,0.119617409650995,0.036397150907659
Succinic acid,0.0890218526829386,0.0395965943995985,0.0899479013843276,0.24235552961568,0.0759128370094021,0.0474945993955517,0.0691476957772661,0.0826367544548649,0.089415719310094,0.0526822752569729,0.0849924854488479,0.0367957552644559
Citric acid,0.0868263855391827,0.0409597917210704,0.0876258313211621,0.229113909785394,0.0758297312760002,0.0490938209822608,0.0695082423364368,0.0926547445541314,0.0873367826095604,0.0591343329201388,0.0839208130379009,0.0379956139167618
Pantothenic acid,0.0893542723864221,0.048396537902315,0.0902217495916739,0.165993904465935,0.0853060034702284,0.0589095652505284,0.0800569655846638,0.0985560381593435,0.0909245976264466,0.0573771692871802,0.0904602180173964,0.0444429782578672
Cytidine,0.0649298819189242,0.0270124712979595,0.0655393140979506,0.443166032453057,0.0523262272575096,0.0316703371251128,0.0466828081102319,0.051912302714192,0.0646814515326455,0.0664876831850975,0.0602784360758718,0.025313054231448
(R)-3-Hydroxybutyric acid,0.0496803559113815,0.0167027580366032,0.0502331820647756,0.631990067304027,0.0372860558233036,0.0195412245717289,0.0319792951558963,0.0223608526362214,0.0492839616155881,0.0304413444551485,0.0448100084577525,0.0156908939675736
3-Methylthiopropionic acid,0.0902137030580142,0.0498605043889143,0.0907846723796317,0.143556483607321,0.0864915902435693,0.0604610030328228,0.081102696269209,0.117903780806404,0.0914327765337495,0.0510196211188949,0.0913278789523762,0.045845289609093
Shikimic acid,0.0773208731331073,0.0340736267845013,0.0777170853084646,0.322881439708573,0.0615262403593999,0.0386196848785392,0.0550161964207362,0.0589393491642764,0.0763098535478892,0.0944623996988066,0.0707320318291342,0.0324012191665724
Prostaglandin F2a,0.0846285808513235,0.0544138095848711,0.0854716702567062,0.137928393417677,0.0770697412286361,0.0624714426272443,0.074978779942553,0.117219394710865,0.0850351700549135,0.0875068308152306,0.0817733056631495,0.0515028808468302
Creatinine,0.0811091987788096,0.0541472703300509,0.0823543724676953,0.157291184504238,0.0747448377432969,0.060826265533063,0.0732319389704582,0.0650489573374142,0.0821061823041532,0.138502470835758,0.0788980443100504,0.0517392768850122
Malonate,0.116046657440198,0.0389157390442521,0.119553941411293,0.138530059619874,0.112527675229815,0.0473560521302692,0.0957338627803933,0.0217132826101278,0.1229947075621,0.026686826036794,0.124155454211983,0.0357857419229001
Threonic acid,0.0566637354064408,0.018287798121784,0.0575014819621927,0.592543974629528,0.0421547543656847,0.0212850393578876,0.0359426702501697,0.019885052365879,0.0564062333786306,0.0311485041112485,0.0509470901997989,0.0172336658507554
Ribose 1-phosphate,0.0928458114276725,0.0467457984095301,0.0948679709407314,0.211504747287721,0.0766496434972865,0.0507058530801541,0.0718386215707599,0.0326605521494258,0.0934019328850871,0.097611071269301,0.0854886012443817,0.0456793962379491
Arbutin,0.097160646500963,0.0320963880608792,0.0996513908758408,0.285856551788431,0.085516519297603,0.0392659083277024,0.0729199189239898,0.0251139218980721,0.101081291794137,0.0334588173937337,0.0984319819963367,0.0294466631423107
Traumatic Acid,0.0431294465329151,0.0162005038252327,0.0440431653795164,0.661957394041982,0.0338184054275102,0.0190637294894846,0.0301283230659209,0.0191534507144141,0.0434289970820032,0.0342869693387049,0.039573932205244,0.0152156828970719
12-Keto-tetrahydro-leukotriene B4,0.0591686176437255,0.0224256318088446,0.0597977991038327,0.529934111553514,0.0443030619674119,0.0255512866241849,0.0389906907957083,0.0312095543900845,0.0583258038832544,0.0564433673509987,0.0524889920878848,0.0213610827905554
Deoxyuridine,0.037597876006298,0.0139317317048373,0.0380522980971256,0.701138776991989,0.0286130928332419,0.0162018100606783,0.0251071121409167,0.0211242183480701,0.0372956606068418,0.0339233197240766,0.0338805369077616,0.0131335665781626
N-Acetylmuramate,0.0834138946189122,0.0266364961947794,0.0845823374252722,0.396702633329836,0.067818860393286,0.0318512535892397,0.0566820833790027,0.0264849786683544,0.0845496979047932,0.0362153388655925,0.0803876427783666,0.0246747828525652
Resveratrol,0.100339926860221,0.052642478591801,0.101420849709956,0.113071831274677,0.103716351527354,0.0663618705447457,0.0975789950772605,0.0739538000615407,0.103411479105243,0.0334703750611573,0.106302252572953,0.0477297896130918
beta-D-Fructose 6-phosphate,0.106376231660105,0.0477901491257605,0.107660144070859,0.133634530186585,0.110359233616007,0.0574161907565526,0.0968533373963179,0.0310981851446687,0.110813146426025,0.0377882244887344,0.116619779401332,0.0435908477270528
D-Lysopine,0.0892408913672574,0.0575259670105724,0.0881721339818815,0.0258127549958793,0.18314430690657,0.0804603467033262,0.165140397258586,0.020755448468594,0.0962551401370488,0.0128859539561501,0.133215555368211,0.0473911038459227
Citrulline,0.0926842511687842,0.0578012566621664,0.0907200693557121,0.0227775955550238,0.176259699377419,0.0833220996355843,0.16007772721744,0.0248334261582889,0.098313172551459,0.0127398212571235,0.133550857753323,0.0469200233076754
Nicotinic acid,0.0960889485022515,0.0586990338557114,0.0982999527686188,0.109248152668409,0.113825463363895,0.073046807152141,0.110305628059108,0.0333698281814151,0.102199889169314,0.0420670950069515,0.109979027888989,0.0528701733831949
pantothenic acid,0.101011062506658,0.0549443898546314,0.102426410681728,0.0600068683088981,0.148929811735058,0.0681131225572308,0.133505129954342,0.0209244997414938,0.109359759461505,0.0204372258695976,0.131266274074808,0.0490754452540494
Xanthine,0.0906066503709403,0.054151789070486,0.0896613388602666,0.0188120048274642,0.181478533796721,0.0820752046103552,0.180817133913162,0.0202108071679366,0.097461733748186,0.0107283494945489,0.130191235949431,0.0438052181905025
N6-Acetyl-N6-hydroxy-L-lysine,0.108819359486489,0.0628260154096158,0.11131611697958,0.0730787398924936,0.118560559224986,0.0710692343161702,0.114994119663045,0.0235540460195618,0.114137448322596,0.0247146662150932,0.11737988636438,0.0595498081059887
"3-(3,4-Dihydroxyphenyl)pyruvate",0.0964461995010894,0.0640972480679928,0.0949192767155413,0.0417992830761398,0.137757946269563,0.0865300156662891,0.125835085588901,0.0528856751728303,0.100334399242705,0.0229655229461619,0.122618758242259,0.0538105895105276
N-Formyl-L-glutamic acid,0.086915903103962,0.0777857033024953,0.0859693094687259,0.0414576755835315,0.136143455997412,0.102662908757318,0.132014090580894,0.0458427345346033,0.0911741080041273,0.0216929413122717,0.112945637790475,0.0653955315641832
6-Methylmercaptopurine,0.0877776036077187,0.0801643186086945,0.0871576770855695,0.0523131936371992,0.12809603364067,0.0985051574091974,0.124029679669668,0.0458530366695225,0.0916903859443282,0.0245398532587548,0.109718379446525,0.0701546810221521
Anserine,0.101897104095535,0.0643759797984126,0.0997245772752152,0.0275960032305946,0.147903625176391,0.085413478509417,0.136736150757776,0.0310146021526555,0.105409870497933,0.0168112025737513,0.129182013640819,0.0539353922914993
Dehydroascorbate,0.0837974415625293,0.0599621020648624,0.0839002534221034,0.0247374487666276,0.18752865378316,0.0812858102861347,0.182822384672789,0.0157352854892848,0.0919516499509088,0.0114218204359676,0.126488523177649,0.050368626387984
Fumaric acid,0.103526441885947,0.0507436821083085,0.103861760276478,0.0618957623989446,0.150478123890824,0.0649520416481032,0.128272767105333,0.0255580811748367,0.1110054996179,0.018997773869484,0.136061900580835,0.0446461654430063
Pyruvic acid,0.0971688880718443,0.0641124432390421,0.0952668664693914,0.0352689629984591,0.130530803818767,0.089312640901993,0.122377447732661,0.0719580235540495,0.0999494941215596,0.0219231936134567,0.118988472774899,0.0531427627038768
3-(2-Hydroxyphenyl)propanoic acid,0.099159706932121,0.068225312457867,0.0981626085081154,0.0342866769952834,0.121085386973247,0.0919887105717649,0.119947721430011,0.0705167887945668,0.101379827603925,0.0247399780986365,0.112278184219999,0.0582290974144633
Dimethylglycine,0.107701794141078,0.0467850633130063,0.107978236493728,0.0724879875034895,0.143528422964415,0.0600771146030063,0.119428094126418,0.0288672210199798,0.114664982321296,0.0203929619228547,0.136748055192385,0.0413400663983431
L-Aspartic acid,0.109608517851476,0.0433359289808538,0.110551286819569,0.0729597742467645,0.146575206844515,0.0560640530310002,0.120220550362122,0.0247792435851536,0.117952955838934,0.0187561547868577,0.140893085055332,0.0383032425974214
"Fructose 1,6-bisphosphate",0.100293057427707,0.063972585001891,0.0986117624027574,0.0511933417464383,0.118494523725157,0.0798907900654798,0.107805541273188,0.0749682012074213,0.10188193511304,0.0322087739698585,0.114767505039807,0.0559119830272557
N-Acetyl-alpha-D-glucosamine 1-phosphate,0.108591105416119,0.0508265593954187,0.108758018544876,0.0786646739001284,0.132824700900872,0.062763217687947,0.113641493037282,0.0301166242942298,0.114072497062781,0.023639803503189,0.13057202410128,0.0455292821558754
Gluconolactone,0.0871876690797822,0.0777225413187578,0.0863609990118936,0.048207742335561,0.12728414039836,0.10064607119225,0.123623253529803,0.0577286538366383,0.0909432277991309,0.024562230005298,0.109418483662518,0.0663149878300083
Jasmonic acid,0.10711574817495,0.0605639247969395,0.105195448564625,0.0325176636460265,0.1405145917587,0.0786034498096398,0.126087489486789,0.033382940312505,0.110428900199943,0.023533486240101,0.130631937875514,0.0514244191342659
Ascorbate,0.116367099734095,0.0567489354952644,0.114557202230887,0.0328405068144991,0.135224426707673,0.0719776602870298,0.121987255899717,0.0300251129015682,0.118855880820585,0.018831969882407,0.133293450025609,0.0492904992006654
D-Glutamine,0.0928202822431254,0.0666275237230826,0.0913693472363676,0.0465324028072142,0.111915641482409,0.0856923865054253,0.105538494360511,0.109827774293883,0.0944340642521674,0.031436804675012,0.106444826509983,0.0573604519108187
S-Glutathionyl-L-cysteine,0.043463335140732,0.200729456056652,0.0434289640654226,0.0124762537192569,0.0851598263785645,0.221907520166945,0.118648788206188,0.0125470708026552,0.0461944553450536,0.00824437639918929,0.0574059163990829,0.149794037320258
Sucrose,0.0746187719952554,0.12535216792671,0.0759263678503829,0.0257387815198428,0.105412759045274,0.143927869702921,0.131028475643751,0.0202792428275357,0.0790610888790549,0.0212100111063839,0.0870048963919712,0.110439567110918
L-Carnitine,0.0618886474250054,0.150664672337013,0.0617788772471784,0.0175640604271452,0.101142117622512,0.183694615297219,0.129333956353354,0.019865690308301,0.0649469135909616,0.0122902657169854,0.0767269605317007,0.120103223142625
L-Methionine,0.0526427694887724,0.130262160913258,0.0525415278394659,0.0193425711349498,0.103733782165808,0.244458021285943,0.135121561573341,0.0298831105952482,0.056263624783475,0.0119877442483803,0.0717430600045862,0.092020065966771
L-Lysine,0.0573775795939646,0.118772793682352,0.0574835016483187,0.0228269768561668,0.111135073416172,0.216823500430416,0.142544797284132,0.0328869626820566,0.0616054228070749,0.0137368366312065,0.0781201602719511,0.0866863946961885
Oxoglutaric acid,0.0711224307908394,0.105783525314342,0.0705987035911264,0.0201122733838815,0.126749153910671,0.164110524376603,0.151025573439795,0.0265489121413886,0.0753042322969531,0.0148167204614539,0.0944103842560131,0.0794175660369335
1H-Indole-3-acetamide,0.0567146465055816,0.166283511566326,0.0575386366057243,0.029211840614103,0.08386380894993,0.168716447374655,0.105850328730649,0.0261493433737296,0.0598415128971678,0.017841608916435,0.0667711584947499,0.161217155970948
L-Proline,0.0471567363786662,0.172291705509953,0.0473135778957347,0.0231220005831887,0.0851927176872843,0.233465073875242,0.108261479263902,0.0266450570277771,0.0502434182533964,0.0143140630349545,0.0617721610288732,0.130222009461028
L-Threonine,0.0494691643907957,0.14610888488574,0.0495676069174294,0.0178039966127476,0.088341131707266,0.270537051652959,0.118667256768665,0.0280375709258307,0.0526028006380831,0.012020586163679,0.0641576304428656,0.102686318893939
L-Pipecolic acid,0.0283333807928492,0.229614800813435,0.0284892066013883,0.0120019515356478,0.0539477975320716,0.334253607631767,0.0757404844961205,0.0137758403882677,0.0302844973584665,0.00752987251835369,0.0372879284163854,0.148740631915247
"(9Z,12Z,15Z)-Octadecatrienoic acid",0.0725027419859199,0.127694678010961,0.0726631984887453,0.0225135757282247,0.0981661406551366,0.165270070126634,0.121744261460113,0.0381707181788969,0.0749133727266776,0.0155141468462933,0.0818171973549525,0.109029898437447
Indolepyruvate,0.0267769334842571,0.249242391749478,0.0269026856979963,0.0106838281972929,0.0505377623079974,0.319453189526251,0.0712832648220713,0.0124298626605109,0.0285418692576428,0.0068747006308703,0.0349346213091939,0.162338890356438
p-Octopamine,0.0428272045725199,0.168457481975914,0.0428956762523547,0.0173507603098449,0.0858475514859648,0.277137256945149,0.115140204613139,0.0197963809324963,0.0459323986831149,0.0105985718935058,0.0584563935328491,0.115560118803147
N-Acetylornithine,0.0615084266821595,0.137507591156186,0.0618048767021774,0.0268419433500477,0.114513626586523,0.159268252227786,0.140231198215333,0.0199970788944495,0.0658817802476236,0.012667877493592,0.0818524480440546,0.117924900400068
Histamine,0.0386311658316631,0.203374732265663,0.0388210443232046,0.013337993256223,0.08022845906272,0.25401187306884,0.113857576352796,0.0120879129244905,0.0415766677459958,0.00878805775859198,0.0526508610081252,0.142633656401688
Indole-3-acetaldehyde oxime,0.0724543409482532,0.109734495877121,0.0734536772570984,0.04424539894407,0.110071812881201,0.139367078336017,0.128381711644303,0.0370115096845681,0.0771391780002481,0.0230335991098398,0.0887355536948315,0.0963716436224486
"1,1-Dimethylbiguanide",0.0474554477916006,0.151049897152531,0.0474384517782193,0.0189203565586032,0.0941825319806082,0.258296942721337,0.123662231767099,0.0253566071202007,0.0507457071675914,0.0114387405727645,0.0645145819780538,0.106938503411391
Retinol,0.0467182263375889,0.163330461898748,0.0464726864636165,0.0143237159201958,0.0909398830920338,0.263527194526945,0.122170626546253,0.0192557731881011,0.0495474769784134,0.00956605381332258,0.0625145786653561,0.111633322569425
D-Phenyllactic acid,0.0311781596969663,0.182403854183328,0.0313061915365796,0.0115173253135524,0.0614497791861357,0.380955552230805,0.0889808838015048,0.0148938896518261,0.0333807804464891,0.00727018184394137,0.0415675151052703,0.115095887003602
Phenol,0.0577500931914262,0.146694788649932,0.0582111222999275,0.0242476412970146,0.0988761449697589,0.188772355447058,0.127522384728463,0.0260819382911822,0.0614244769256511,0.0135543305897746,0.0728906563833482,0.123974067226463
N6-Acetyl-L-lysine,0.0473552381321058,0.164358054293275,0.048220152148284,0.0203758634285775,0.0988734138564524,0.200365386059732,0.143588833988606,0.0130939396889155,0.0517957880251264,0.010040069391592,0.0647575384769814,0.137175722510352
1-Pyrroline-2-carboxylic acid,0.0592236491779577,0.151340129641474,0.0594868191662832,0.0252803872287281,0.0872275319007711,0.197249710164076,0.108117316166898,0.0380615916771646,0.0620413218066107,0.0192836773236047,0.0706621734530336,0.122025692293399
Pyridoxamine,0.0816820635717402,0.120494441426761,0.0813438142711017,0.0231924402259375,0.107687099971828,0.132889913925328,0.125263356844688,0.028041507967056,0.0836248765085982,0.0148876258579788,0.0913979722411392,0.109494887187844
"3,4-Dihydroxymandelic acid",0.0383109973092942,0.191068998616354,0.0383990472155856,0.0139399631371513,0.0710300719713599,0.304314866600097,0.0980337995880575,0.0172883160813785,0.0407927201272412,0.00929804125183862,0.0501460811778077,0.127377096923834
N-Acetyl-L-phenylalanine,0.0572420341100564,0.130973328488825,0.0577016847860789,0.0284280299930097,0.117301825608799,0.180419594443499,0.146636745619427,0.0210753321688017,0.0621382733012362,0.0146934781907846,0.0799364269826256,0.103453246306857
Salicylic acid,0.029768837624238,0.213712325296091,0.0300130116287221,0.0113660874392556,0.0550502530744221,0.344698784346389,0.0803476553187372,0.0135271384604683,0.0318036926031588,0.00705314308845609,0.0383966646394889,0.144262406480573
L-Phenylalanine,0.0434619466636342,0.181720319306672,0.0432762484110612,0.0146364352503251,0.0827879699190738,0.267033205618183,0.109463542305755,0.0194640212663257,0.0460358834851303,0.0100893822070998,0.0576220279045604,0.124409017662179
"15-Deoxy-d-12,14-PGJ2",0.0970303858643077,0.101339475586726,0.0981499403065369,0.0392687886297226,0.0923366786539975,0.101925194160833,0.100943720657564,0.0387151486465002,0.0971480779290473,0.0397021799440325,0.0919764118041486,0.101463997816583
Glucosamine 6-phosphate,0.0520498004325228,0.185976128685197,0.0518215404859069,0.0180974537702313,0.0793449159677739,0.204607600368198,0.0986928145782774,0.0286319810592995,0.0539765430855391,0.0141244345975681,0.0623103306740661,0.15036645629542
2-Aminophenol,0.0654579992984801,0.108207135678675,0.0650513846823716,0.0226821385822343,0.126738375611397,0.172202499114402,0.15119004738933,0.0333527575317285,0.0696446607718327,0.0136082309406243,0.0892594689247486,0.082605301474176
D-Octopine,0.0408353769839342,0.210638878750592,0.040838385244601,0.0137214613827983,0.0667687402848916,0.256116705515688,0.0898635402955738,0.0205013755442018,0.0427631501908818,0.00956012991498599,0.0499784054252581,0.158413850466593
Glutathione,0.0811811521977415,0.0892845541436469,0.0806833118349115,0.0173112053088082,0.145068984948038,0.121481590923672,0.170774588453299,0.0176558500819929,0.0859513591376088,0.0122599709072754,0.106265499738847,0.0720819323241577
N-Acetylserotonin,0.0892906500980929,0.0950185306255871,0.0916891000861157,0.0473391716667524,0.113419705329588,0.104183238886366,0.129719122043923,0.0231019888421097,0.0946346149907509,0.0193573174925308,0.0998104772821806,0.0924360826560035
Pipecolic acid,0.101517053267356,0.0797329569324947,0.104107971597678,0.049012709502732,0.120603445188796,0.0824332189095187,0.126463273836104,0.0193293093907064,0.10672970697193,0.019606309458623,0.110236147716544,0.0802278972275165
D-Fructose,0.10035273697599,0.0994434371966351,0.101813371492604,0.0295644070131426,0.103229801887045,0.103802211799703,0.117425620584054,0.0257767951852763,0.101770523054754,0.0204633932194904,0.0983522736545784,0.0980054279367281
Linoleic acid,0.0961824953571934,0.10053972603864,0.0961460041913405,0.0260855808239631,0.105056634008429,0.114982949036842,0.118743834894849,0.0363502464011082,0.0968292552720592,0.0186797368608754,0.0977504316062417,0.0926531055084574
Sphinganine,0.103187355011603,0.074065075422922,0.104552763177594,0.0361388297713697,0.13270801932117,0.0814058802577087,0.135356116136603,0.0196969662901696,0.108154593228915,0.0167416590358955,0.116889467165131,0.071103275180918
Succinic acid semialdehyde,0.104690728217469,0.0840472692226073,0.105917345718177,0.0454298455230014,0.113281933777594,0.0835748030884109,0.115472978257412,0.0240040434865658,0.106912308428593,0.0231708295817612,0.107590072639923,0.085907842058485
N-Acetylneuraminate,0.0770980073695877,0.0869240217266211,0.0780746219222982,0.0292629803779593,0.148709938642041,0.110398942457173,0.17517415988176,0.0179070369725018,0.0838536693770381,0.0111093445635326,0.104841668084402,0.0766456086250847
6-Keto-prostaglandin F1alpha,0.0631963128614466,0.0984784812352699,0.063999654654079,0.0286497566858227,0.13907115988973,0.155199280333305,0.179421508661582,0.0212335271613581,0.0694794206087221,0.0119786108497716,0.0910483750344086,0.0782439120245045
4-Hydroxycinnamoylagmatine,0.0986879747105898,0.0800313734614598,0.101495052645724,0.0651025687552764,0.108336099999955,0.0845916470298607,0.113220993216944,0.0234563893941637,0.103403503242472,0.0391657685800799,0.104068762486352,0.078439866477122
2-Keto-glutaramic acid,0.0889810061007353,0.08794828102859,0.0890454286907193,0.0413239467392714,0.106073782716112,0.110112518117631,0.111519431473174,0.0550703284991361,0.0916387365021437,0.0435773256232586,0.0991409143859233,0.075568300123305
N2-Succinyl-L-ornithine,0.0659633701814644,0.123941643758417,0.0673898158086281,0.0313534035950157,0.118379540786361,0.140231679674394,0.150061384754747,0.0167188559324864,0.0717724479753592,0.0155672173752596,0.0859380712676671,0.1126825688902
12-OPDA,0.0999551342834947,0.0986830151113705,0.100443369176189,0.034239004997478,0.0968580550008022,0.101165958624515,0.104758121027706,0.0393556703452601,0.0995315634171587,0.0321371435010225,0.0953558384273055,0.0975171260876972
cis-Aconitic acid,0.104097281161454,0.0934714451803755,0.105762179840533,0.0305263447609602,0.108414506184198,0.0936161478732118,0.119978514896043,0.0213266971915647,0.105925095454778,0.0193589861451814,0.102848809785958,0.0946739915257428
D-Glucose,0.0682386049878974,0.131425691382809,0.0683444208100009,0.0230897908200112,0.121370613143836,0.134665299427654,0.143547603691722,0.016619676194064,0.0724597319373925,0.0128923544185798,0.088457224682561,0.118888988503473
Uridine,0.0853367422574375,0.0747759911759803,0.0849413668339751,0.0378921259634625,0.131236110311475,0.108176027517306,0.135909999275614,0.0634126364377861,0.0898130810857401,0.0180235923260965,0.108326656459405,0.0621556703557219
Adenine,0.0677593517881496,0.0990333157303473,0.0678412313752337,0.0230349141656806,0.151909738607479,0.128651382328033,0.180445951698931,0.0170156703046091,0.073453844150006,0.0105857215509197,0.0975779376086037,0.0826909406920075
Uracil,0.102065854331803,0.0756548544977725,0.104464052791734,0.058380594621932,0.119296814267921,0.0795434507805618,0.120827642525679,0.0212734718822914,0.107120857105418,0.0254177328410213,0.111058794851333,0.0748958795025338
Gentisic acid,0.0934064091456203,0.0814823686009058,0.0930228445209627,0.0277903889317878,0.12997016874619,0.105832685536523,0.139634701040057,0.035646350937859,0.0967672741222831,0.0158565869576098,0.109535179786244,0.0710550416739569
Hydrogen phosphate,0.0923514976251027,0.0861493054073149,0.0942008316655558,0.066382799113241,0.108969747358271,0.090902834163517,0.113165611745439,0.025437728623681,0.096825277744148,0.0407807671558139,0.101823482801747,0.0830101165961695
alpha-Ketoisovaleric acid,0.0783717510247926,0.0821039331672787,0.0774443991015256,0.0265716042166489,0.144887606425361,0.125849789489926,0.153151871526123,0.040296434445019,0.0830838045206219,0.0158883019282774,0.107778966653473,0.0645715375009524
Allantoic acid,0.0663192096812518,0.0817841628819202,0.0662464857455184,0.0209451781995515,0.168811881206471,0.128536378059824,0.200568090799252,0.0183957029408803,0.0726156015861733,0.0104989986708131,0.101673234683869,0.0636050755444763
N-Acetylaspartylglutamate,0.0783256174659624,0.0878310837934716,0.0775056071054669,0.0253147029732497,0.137647930420235,0.133837216386238,0.151782632682147,0.0370156857663189,0.0827558267914088,0.0141199162189655,0.104838413459654,0.0690253669368818
"(3S,5S)-3,5-Diaminohexanoate",0.0650928202761598,0.0299854837432073,0.0648419313960974,0.0381075555393035,0.0557088494244154,0.0386301567661507,0.0520220604040671,0.466779978741223,0.0644335617047373,0.0358652959471659,0.061943105356379,0.0265892007010939
Hydroquinone,0.102458418113959,0.0501935302100315,0.101397033045015,0.082850726274357,0.086580682171926,0.0584548403389348,0.0781086785820247,0.119012060611614,0.100365334334048,0.0773071550322824,0.0970335369303749,0.046238004355433
Methyl jasmonate,0.103218328233051,0.0511913040893787,0.101524742452451,0.0586830294676743,0.0941953054065805,0.0618801351016965,0.0844782614448603,0.145064558630359,0.101558956303681,0.0498518982913471,0.102159152779974,0.0461943277989468
Ureidopropionic acid,0.0957052221027384,0.0507325067166363,0.0945214545372539,0.0579395325445718,0.0889007186257385,0.0628727230923475,0.0817264573028332,0.181075541131251,0.0949252205174382,0.0505416754593014,0.0959675987068169,0.0450913492630731
3-Dehydroshikimate,0.0858576216573711,0.058572760611429,0.0855491085022156,0.0470640234237802,0.0858749419192896,0.0749486277149982,0.0849829858006936,0.201820479637252,0.0864070594102346,0.0496256867800837,0.088046763126387,0.0512499414162648
4-Pyridoxic acid,0.0950800388020139,0.0587514090261346,0.0944073588910609,0.056191253993057,0.0913038261168427,0.0722442275016131,0.0870160431622223,0.134960214439382,0.0950121077822622,0.0667063809488352,0.0961818667502286,0.0521452725863474
Phosphonoacetate,0.100497517985758,0.0509024745590657,0.09959755597526,0.0885216391307379,0.0851765517761993,0.0585765076468466,0.0772095380454568,0.113601453792862,0.0985290563880488,0.0851103966011738,0.0950711289072949,0.0472061791912953
Aminoadipic acid,0.0869891917403018,0.0715811491223164,0.0863154954872512,0.034220663847022,0.110798447372307,0.10428779441117,0.114881753870545,0.116432519955527,0.0897056108220162,0.0248982845913521,0.101250230663381,0.0586388581168101
Hippuric acid,0.0727415052999109,0.0374466966915513,0.0724582232229329,0.0781910960385173,0.0613550764346852,0.0442280855083827,0.0567455886857757,0.335512129931112,0.0715288958018915,0.0669898481017875,0.0681521542553424,0.0346507000281109
Antibiotic JI-20A,0.0284318533833817,0.0138652168653537,0.0281181972850369,0.0175584032539133,0.0252607196736347,0.0175593326492044,0.0232388119940054,0.76364221619643,0.0280659831722947,0.0142088896537311,0.0277279646509607,0.0123224112220528
Acetylphosphate,0.103910415146793,0.0496371931205945,0.10265511499059,0.0763478166743802,0.0884075086135533,0.0586579647598494,0.0793893383633695,0.126193040054152,0.101820952309983,0.0685130369936141,0.0991251017464513,0.0453425172266694
