ID,#1,#2,#3,#4,#5,#6,#7,#8,#9,#10,#11,#12
Taurocholic acid,0.123784344274437,0.123690756462667,0.123703103308831,0.116658407088789,0.0207158068090161,0.123272120695844,0.0274966356830972,0.0642061046968157,0.11004828480221,0.0666982264188904,0.0402237058166081,0.0595025039427949
Homovanillic acid,0.109381529279193,0.109282764445153,0.109366141947314,0.095161485971417,0.0897850435851886,0.108302163186193,0.0480683594356595,0.063692265405717,0.093644135956218,0.0566272107246962,0.0679870075985746,0.0487018924646776
Cortexolone,0.111503274633921,0.111261851870125,0.111369009495214,0.0930085099280914,0.0582801607752389,0.109765822585952,0.0329776314614341,0.067609047414482,0.100542055594511,0.0744121377857072,0.0658669903277947,0.0634035081275279
Stearidonic acid,0.116888982229815,0.116627712994316,0.116731621421365,0.0998851988840232,0.0299601048764588,0.115095616737355,0.029904203317934,0.0663444340559244,0.10652610551353,0.0764847899602199,0.0592047940536996,0.066346435955359
5-Acetamidovalerate,0.1198633818707,0.119555433858365,0.119509901562616,0.0944764070540661,0.0414627607827505,0.119258341889522,0.0369921129272827,0.0583546117044018,0.0928865828559826,0.0637228614601049,0.0775422681644021,0.0563753358698059
Mesaconate,0.118839031317215,0.118682649300706,0.118787946475887,0.10068479904182,0.0742899506326335,0.117375300728381,0.0307887823615374,0.0559568637286105,0.0941877031730047,0.0534360752337464,0.0706056439974205,0.046365254009038
Imidazol-5-yl-pyruvate,0.098968284073132,0.098925628429944,0.0989913353121965,0.0950734480083663,0.0358186469054894,0.0982280425570603,0.0866713319755294,0.0768690047736564,0.0967260715386539,0.0702199623647839,0.0801131422034681,0.0633951018577198
Vanillylmandelic acid,0.126749534377942,0.126627026974254,0.127089206531787,0.116159967779123,0.0223379777930617,0.122300851002667,0.022088059647776,0.04388719099936,0.0986857681925087,0.0403365887528487,0.119256002452366,0.0344818254963063
D-Lysopine,0.103332236852534,0.103741333313187,0.104146786835269,0.187164807328281,0.0130808416826071,0.100960789518621,0.0212112040044081,0.080000028927611,0.155573532804302,0.0558952079851248,0.0256016454220742,0.0492915853259806
Citrulline,0.10567562130716,0.106104434817776,0.106387535218941,0.179814535152416,0.012925269137853,0.104392440277002,0.0253781366610213,0.0836743923678574,0.148563592195803,0.0555539942634209,0.0226243267305273,0.048905721870221
L-Glutamic acid,0.123257107371565,0.123429690361812,0.123774595582796,0.135970474725859,0.0221106463123422,0.120702033384964,0.0280275136768591,0.0481053445771399,0.0999463027459324,0.0398670591545938,0.0995093845118526,0.0352998475942844
Nicotinic acid,0.103364817205797,0.103424400214211,0.103774948409763,0.113901097539356,0.0421836283176042,0.100481760953866,0.0336422638974791,0.0704954674171068,0.111354004129745,0.0602864240513907,0.10440043681509,0.0526907510485918
pantothenic acid,0.112267592190287,0.112470425720771,0.112988184485654,0.151744550306032,0.0204541830360959,0.108367190950716,0.0210623826570649,0.0649843089953335,0.132575812692378,0.0558036086315927,0.0581283874915215,0.0491533728425536
Xanthine,0.104980269513611,0.105349375008695,0.105747416826696,0.178171141894135,0.0109368361011363,0.102508468819384,0.0207765200969397,0.0806634593612584,0.173044337040468,0.0538218943053707,0.018689942625075,0.0453103384072318
N-Acetylmannosamine,0.111702528850724,0.111740395153482,0.111718252217618,0.114612279176194,0.0273851244691505,0.111957786726922,0.0375941567023051,0.0766171553988654,0.106172072347634,0.0751935884444299,0.0448426795787715,0.0704639809339021
"3-(3,4-Dihydroxyphenyl)pyruvate",0.10470641747643,0.105016997055132,0.105168693318879,0.140861316566578,0.0230352212649228,0.10427088883575,0.0533486859509669,0.0880275796335394,0.118194608461924,0.0606321515817406,0.041250195509155,0.0554872443449825
N-Formyl-L-glutamic acid,0.0953926369696965,0.095665045230494,0.0958735423170885,0.137004916620725,0.0218242839493079,0.0943565676620803,0.0463715597791789,0.105878730180614,0.125728047828358,0.0728332805154309,0.04103327665408,0.0680381122929459
6-Methylmercaptopurine,0.0950082743834604,0.0952285441424194,0.0954299579118255,0.129029992353763,0.0246374813010733,0.0938844632165305,0.0462526489048803,0.100474590307176,0.119761919042462,0.076049510493961,0.0518174068543376,0.0724252110881115
Anserine,0.110544591951651,0.11086994982421,0.111008697746978,0.150205659148125,0.0169025362051852,0.110215100399893,0.0313805074173228,0.0845539616092518,0.129453264487288,0.0622385336638351,0.0272390056381817,0.0553881919080784
Dehydroascorbate,0.0983276450341954,0.0986572098265633,0.099193922985138,0.185845183924708,0.0116143038231623,0.0946355849592951,0.0161079572325694,0.078647459833323,0.180397069398498,0.0601770188365217,0.0244841784824255,0.0519124656636006
Fumaric acid,0.114606066748608,0.11488054176238,0.115311477040038,0.156232414876354,0.0190030671235046,0.111636174315419,0.0257127077331539,0.0628416853072633,0.123808824574916,0.0505481880136391,0.0604253742843324,0.0449934782203911
Pyruvic acid,0.104118260786538,0.104408594553805,0.104480495075115,0.132113493978287,0.0219772297044287,0.104317838767945,0.0726242644703146,0.0911098862239634,0.114771937705277,0.060606796237306,0.0347869558752763,0.0546842466217442
3-(2-Hydroxyphenyl)propanoic acid,0.104106389253886,0.104275743350257,0.104345647156972,0.120183780970613,0.0247752909035564,0.103951793557413,0.0712469984782078,0.092496427419689,0.115776065366268,0.0660553248558086,0.0336373339920603,0.0591492046952692
N-Acetylglutamic acid,0.133296712733949,0.133526461517836,0.133403001470158,0.136083447786924,0.0221425014570151,0.135021195980207,0.0360952328726839,0.0518168976232042,0.0959712117672266,0.0422712781677903,0.0422038187417166,0.0381682398812903
Dimethylglycine,0.117668927794878,0.117927074700826,0.118309032382726,0.150228625425478,0.020351130209284,0.115065244236318,0.0289778346032583,0.0581885554491245,0.114606569418397,0.0465065895388418,0.0706450376097201,0.0415253786311487
L-Aspartic acid,0.120791857265196,0.121041486794939,0.121521029492867,0.15357766002927,0.0187031127696035,0.117323753862393,0.0248598922857065,0.053741148979702,0.116000976196546,0.0435118870736238,0.0706413420374261,0.0382858532127269
"Fructose 1,6-bisphosphate",0.104531915789859,0.104745437435635,0.104764691018544,0.12153806348332,0.0321902873141072,0.10499186506368,0.0752336752377863,0.0808246811333978,0.102434816034109,0.0609594415183101,0.0506136251206684,0.0571715008505834
5-Hydroxyindoleacetic acid,0.127085604440332,0.12747448796976,0.127440830010348,0.149978351905992,0.0197635465755734,0.128481450615587,0.0403199687892988,0.060208794866881,0.107203389740483,0.0433985403603335,0.0300617472619494,0.0385832874634603
N-Acetyl-alpha-D-glucosamine 1-phosphate,0.116293109790105,0.116492066462933,0.11678468584504,0.138155056329226,0.0235917986928079,0.114280435180178,0.0302096396660986,0.0606553885681938,0.110051485464125,0.0508039066974874,0.0770350364820964,0.0456473908217098
Gluconolactone,0.0944840563671621,0.0947219085354645,0.0948989682203136,0.127985412164984,0.0246581706577251,0.0936247871032363,0.0582410267795072,0.103813017964998,0.118228316290099,0.0729685683626043,0.0477126945495724,0.0686630730043337
Jasmonic acid,0.11457964571848,0.114879633929969,0.114987221113622,0.143996957131102,0.0235526161611525,0.114466773643692,0.033610485352587,0.0776555760339159,0.119430978362814,0.0584504303493875,0.0318786399903008,0.0525110422129768
Ascorbate,0.121957382206645,0.122175925648264,0.122259727830623,0.1377507340417,0.0188180895242596,0.121761728071912,0.0301810132945482,0.0691542752163838,0.117507361302743,0.0567081757552847,0.0322125689718583,0.0495130181357778
D-Glutamine,0.0970359885846522,0.0972339516220139,0.0972569297377401,0.11341482933014,0.0314382687395111,0.0974182338765292,0.110291433124839,0.08778468728117,0.10035578015988,0.0629551321609561,0.0459826815324392,0.0588320838501289
2-Keto-6-acetamidocaproate,0.101261327681537,0.101021444816217,0.100887355781892,0.0754496695593869,0.180476254008492,0.101697462355214,0.0434302427342018,0.0467139417116948,0.0701867336330401,0.0469416814201618,0.0903993609097861,0.0415345253883771
Picolinic acid,0.0867166389094921,0.0865582916061674,0.0865371204275596,0.0695027148279106,0.194824309724029,0.086406228297572,0.0377974063431254,0.0426369495320567,0.064133462112581,0.0423880319465408,0.164422675077687,0.0380761711952789
D-Xylose,0.102945870336761,0.102857119656865,0.102769492046052,0.0849980080237922,0.146923242754933,0.103430557477848,0.067288605502918,0.0561453771120711,0.0787274127595661,0.049030103926288,0.0618663897318759,0.0430178206710294
Dodecanoic acid,0.105183385604614,0.105144331436523,0.104964061837001,0.0904288924331104,0.111292096846545,0.106686655680472,0.0727848444304032,0.054627187516911,0.0765431170386144,0.0489821463503856,0.0779185063640557,0.0454447744613646
Ciliatine,0.0730783628931302,0.0730101930119122,0.0728910581557432,0.060248693093604,0.348495223181181,0.0739429197949362,0.0595932265180271,0.0391154583191571,0.0530126956506082,0.0363180230786941,0.0767669582117738,0.0335271880912331
Maleic acid homopolymer,0.114867838005791,0.114677809418492,0.114624329765244,0.0897460120821795,0.116010662584123,0.114711279941508,0.0428158913559573,0.0526779933934004,0.0833144045616476,0.0484668786471384,0.0662264936695278,0.0418604065749908
7-Dehydrodesmosterol,0.0578089731963477,0.0577522319257301,0.0576596933559956,0.0475269498645948,0.467599554040732,0.0584695349110566,0.0549868838602517,0.0316872762402212,0.042210748522343,0.0294404270754524,0.0676960881402535,0.027161638867021
2-Hydroxy-3-oxoadipate,0.0875267780599217,0.0874601766515851,0.0873244168737742,0.0733933888663077,0.237577160966327,0.0885433472677273,0.0642689716321509,0.0473612401509618,0.0643952616440773,0.043648137366634,0.0781844045161475,0.0403167160043856
L-Malic acid,0.0760186481415336,0.0758843997950279,0.0758426046460061,0.0607011749055408,0.265653757945734,0.0759712907134104,0.0373407743970221,0.0378774968301098,0.0555780756269153,0.0376251188606232,0.167486357920522,0.0340203002175549
L-Tryptophan,0.0708671163051082,0.0707707409400024,0.07064424706087,0.0566035167319834,0.364237953189557,0.0717093842754878,0.0588371616525852,0.0380929544618286,0.0510580678405565,0.0365825314617669,0.0769920273071661,0.0336042987730878
D-Mannose,0.0587861620755247,0.0586845423126513,0.0586139772785688,0.0452426542647093,0.493105289304045,0.059098876625362,0.0313906987615407,0.0268878717174444,0.0402295631646483,0.0254747780112327,0.0797049536375954,0.0227806328466778
L-Histidine,0.0311107211371483,0.0310763991161823,0.0310325721964314,0.0254356768310911,0.705054750208043,0.0314001159455127,0.0293286295624703,0.0168878393066832,0.022703991905392,0.0157782809879174,0.0456777707900509,0.0145132520130773
Dehydroepiandrosterone,0.0190215506970552,0.0189937160483466,0.0189716116629361,0.0150400377661717,0.825321563630279,0.0191332806428386,0.0132160498875684,0.00935757236072962,0.0134206248582631,0.00876630860907837,0.0308420741211168,0.00791560971561663
5-Aminopentanoic acid,0.0146103081419241,0.0145928023696207,0.014575191089357,0.01186893373311,0.860584285769379,0.0147146714888929,0.0115840390186639,0.00762680599623067,0.0105565480403844,0.00715391225222926,0.0255870683366442,0.0065454337635635
Hepoxilin B3,0.0164131652939238,0.0163928578731972,0.016371753546103,0.0132191579545581,0.846609016620751,0.0165400974430641,0.014931355000935,0.00862327341346718,0.0118562015425063,0.00797392885003345,0.023823175466936,0.00724601699452477
Sphingosine 1-phosphate,0.00584415514683271,0.00583637919101784,0.00582817636138184,0.00464090327470214,0.946825063930814,0.00589382100847278,0.0046995178273523,0.0029385523064431,0.00412597156061819,0.00272654858138599,0.00816951221472884,0.00247139859625004
Phospho-anandamide,0.005816685779397,0.00580939309059215,0.00580143818237783,0.0046717953803616,0.945778152776757,0.00586572943155813,0.00502256339402289,0.00302012464899701,0.00416710612743586,0.00281133914045867,0.00867447922094085,0.00256119282710091
Prostaglandin A2,0.0675508168924863,0.0674745381364222,0.0674666764297261,0.0574353447939,0.275461201505364,0.06738468602327,0.0421339035751608,0.0381669534995013,0.0529135627024292,0.0366451528980302,0.193934131570682,0.0334330319730282
Geranylgeranyl-PP,0.0475792523716544,0.0475288032222876,0.0474580730154201,0.0390779542187736,0.551801000873186,0.0480620471847552,0.0452800450423732,0.0262263621862043,0.0348968071881432,0.0245970937079551,0.064781428245679,0.0227111327435682
Glyceric acid,0.0235705399723866,0.0235413931410703,0.0235150234576393,0.0191752547109878,0.771935375912137,0.0237176006782445,0.0177786299582333,0.0122813008423662,0.0170792096949208,0.0115977373132552,0.0451857177808109,0.010622216537948
"14,15-DiHETrE",0.043355103398577,0.0432982788826415,0.0432592564183256,0.0348838285613142,0.600022181137024,0.0435273673133632,0.0314973095311051,0.0220041972759647,0.0313513752174442,0.0203216911123276,0.0681796719083364,0.0182997392435765
13S-hydroxyoctadecadienoic acid,0.101154071788383,0.101052831461881,0.10097068374954,0.0838308716841479,0.16570217977069,0.101561026230372,0.0527290762867041,0.0505638882365068,0.0746236360815722,0.0459658494033332,0.0805389577018347,0.0413069276050353
"12,13-DHOME",0.016172304995071,0.0161529965259343,0.0161354094945312,0.0131905414320177,0.843194468681344,0.0162707386897906,0.0138212728184624,0.00863677372979341,0.0118431439564339,0.00806948755850185,0.0291455134074648,0.00736734871065494
L-Arginine,0.118807555119707,0.118533027988307,0.118243983209036,0.0880063795549144,0.0690881253946558,0.120544044765823,0.0519949809871257,0.0503012844297926,0.0774863048781699,0.0509763382619526,0.0896979446118644,0.046320030798652
Glycocholic acid,0.112909786640291,0.112967342938209,0.112783304068995,0.10287840597525,0.0665073378632109,0.114736550960253,0.0819476538831752,0.0592971538205097,0.0843244722983019,0.0489673527623223,0.0577414786711573,0.0449391601183245
Norepinephrine,0.114373786810704,0.114127656391676,0.113815599758028,0.0847563587559964,0.0774907924355001,0.116417102637745,0.0768117026415109,0.0541888935539853,0.0773218437450659,0.0533733106301211,0.0692855643032498,0.048037388336417
Pyroglutamic acid,0.128499210291796,0.128121673660635,0.127840285531561,0.0923733392814151,0.0471215906153556,0.129792103854562,0.041134058040171,0.0546431453359129,0.0871126978678334,0.0572987874365078,0.0558102005425869,0.0502529075416637
Phenylacetaldehyde,0.128731699690421,0.128535714294567,0.128187507681472,0.0998867832001459,0.0374948545153106,0.131230520300179,0.0502752112239119,0.0529278220164161,0.0845671968956425,0.0511705845393075,0.0606329609412798,0.0463591447013477
Ketoleucine,0.121266521004577,0.121199706570443,0.120882034666592,0.100494639967701,0.0488939324318932,0.123926535940387,0.0684075978697937,0.0541571955767585,0.0818890459857851,0.0490257242515519,0.0646073799794462,0.0452496857550703
"4,5-Dihydroorotic acid",0.111583739254493,0.111541667394632,0.111293680400398,0.0941308020924755,0.0703093034122116,0.113698519721059,0.0846530763185514,0.0525040350894018,0.0767109458205085,0.0466700732313887,0.0835605830715509,0.0433435741933296
Pimelic acid,0.129328421822095,0.129172879844139,0.128933401874399,0.106417807670694,0.0341209960065696,0.130941071682836,0.0399818244635526,0.0540177117747693,0.0897596280559454,0.0524087776516288,0.0571963320182709,0.0477211471351
Choline,0.107874883944989,0.107927703062058,0.10777846359438,0.10020702740854,0.0713876068546277,0.109373985947012,0.0783945802353615,0.0626779686920045,0.0841242786009316,0.0536026435808208,0.0668656729502449,0.0497851851290296
Phosphorylcholine,0.106644203506095,0.106606503215337,0.106401014981971,0.0909752645388609,0.0974123456008164,0.10838522916601,0.0795563582425022,0.053116834417943,0.0755480872727721,0.0473673572719051,0.0839605854811344,0.044026216304653
Dopamine,0.126543683290362,0.126331513376232,0.126069051951275,0.0987865737620292,0.0336900235694845,0.128173436605092,0.0506520789904635,0.0601625113342467,0.0917882112565805,0.0585554697586396,0.0479633846582316,0.0512840614473631
Phosphoserine,0.130541684659319,0.130231296004972,0.130019796943193,0.0989661208131857,0.0340367212440655,0.131403537515762,0.0368440812466445,0.0507016552550553,0.0871765127130961,0.0519604194556558,0.0717085754387329,0.0464095987103189
Selenomethionine,0.139667699269461,0.13959770837052,0.139179516032191,0.111033748529745,0.0317671476111022,0.143188390953793,0.0409062515844985,0.0460998260673185,0.0831720560260636,0.040691882251146,0.0480877023194118,0.0366080709847493
L-Tyrosine,0.103986148570971,0.103830594761252,0.10360262933319,0.082008901721204,0.0775340946172797,0.105558831326348,0.098554024026214,0.052435040577891,0.0728347953511854,0.0504047535424422,0.102876169966839,0.046374016205183
Uric acid,0.109152270873169,0.109161335472439,0.109026159585527,0.103943594146055,0.040528882403181,0.110366582835691,0.0598731006439722,0.0743723484875034,0.0944782902990213,0.0703874556293882,0.0520741853562533,0.0666357942677999
Stachyose,0.105586021356123,0.105444125240228,0.105195483512534,0.0839680462225747,0.0812695222059397,0.107393184404894,0.092404557740193,0.0534384450271721,0.0738240778492978,0.051329227458088,0.0926474427112933,0.0474998662716616
trans-Cinnamate,0.120324280607569,0.120267031067298,0.119957348547602,0.100093641779435,0.0530473018414956,0.122944425528898,0.0678856451343449,0.0537852911722953,0.0811049342770576,0.0485483395094724,0.0671724422175648,0.0448693183169685
Phenylethylamine,0.10747167711334,0.107314373106465,0.10704872618245,0.0842768573963224,0.0803210869372503,0.109385124155705,0.0884825236220887,0.0527341302167355,0.0738887423413998,0.050782239035848,0.0914635547585634,0.046830965133832
Alpha-D-Glucose,0.128624204027004,0.128421901543257,0.128023032670735,0.0979220313021334,0.0347318457823152,0.131564375054945,0.0623710801620788,0.0555777325174353,0.0857506019698282,0.0523011229625765,0.0481186806483019,0.0465933913593908
19(S)-HETE,0.12950223039697,0.129312913096128,0.129041764821701,0.104414227637694,0.0236912710261681,0.131249401331627,0.0470006102548453,0.0618241189071591,0.0982436113411275,0.0586651082815974,0.0360003926703666,0.051054350234617
"(3S,5S)-3,5-Diaminohexanoate",0.0639953163461824,0.0639972119264143,0.0639191787001474,0.0561522025167746,0.0356263994346973,0.0646913065696942,0.469961193234657,0.0379921995727049,0.0503203253622341,0.0297344175849176,0.0371883830348063,0.02642186571677
Hydroquinone,0.100109310190794,0.100119069067714,0.0999596544796268,0.0893104535991711,0.0772341042623256,0.101576354522862,0.118834297223849,0.0577851384586658,0.0760236064210408,0.0499529071125168,0.0827320974711409,0.0463630071902925
Methyl jasmonate,0.102156509711652,0.102232237577711,0.102077107884897,0.0971472419435907,0.0497594745167613,0.103784857824579,0.145120986602621,0.0617631856511986,0.0811995780247291,0.0500111928608269,0.0581535557596416,0.0465940716417927
Ureidopropionic acid,0.0956350994576307,0.0957085425504126,0.0955983199982819,0.0908630757538418,0.0504767549647311,0.0968425246157942,0.180859950422293,0.0627227362319596,0.078790846449108,0.0497210048415309,0.0573316352702255,0.0454495094441909
3-Dehydroshikimate,0.087155975344625,0.0872105422384465,0.0871890977227745,0.0855311085791006,0.0495856351897359,0.0874967840148537,0.202500510050926,0.0750285811623209,0.0829965227901066,0.057592895426261,0.0461777361782034,0.0515346113026455
4-Pyridoxic acid,0.0957152623179496,0.095776328768096,0.0957126399797253,0.0922331025260511,0.0666604336073874,0.0964604554392996,0.135089004651476,0.0720822117916788,0.0846635066649533,0.0577410819273211,0.0553312509058808,0.0525347214201807
Phosphonoacetate,0.0981871266081052,0.0981890371349858,0.0980428115502575,0.0877586156662204,0.0850365417378943,0.0995113037757224,0.113420082374668,0.0579027942262902,0.0753447673094139,0.0507437187774609,0.0885569373783551,0.0473062634606261
Aminoadipic acid,0.0924609398590596,0.0926360850715009,0.0927284184634012,0.108483715684606,0.0249348771625615,0.0921369052446756,0.11770193841773,0.106578659199184,0.110525011982883,0.0684244179404839,0.033572529965813,0.059816501008101
Hippuric acid,0.0713898824404344,0.0713739706261231,0.0712815630413138,0.062960491087317,0.0672083170972159,0.0721743018739948,0.332861599294142,0.0440604081281727,0.0557910519070614,0.0375855379592864,0.0785482997603074,0.0347645767846316
Antibiotic JI-20A,0.0286606211732334,0.0286745940827779,0.0286341196267214,0.0262273496055062,0.0144351455505916,0.0290657801999526,0.759529703354218,0.0178208309619562,0.0228050081313384,0.0138854434972591,0.0176662904527375,0.0125951133637083
Acetylphosphate,0.101743729919716,0.101769021408649,0.101601126526259,0.0912761089344833,0.0684315243962006,0.103334308026245,0.126006978130784,0.0580339545479408,0.0769867164722748,0.049232996016793,0.0760706811062282,0.0455128545144264
Phenylpyruvic acid,0.0915811243318156,0.091656655987994,0.0916054397925916,0.0914351900307956,0.0418204342389637,0.0922513436622598,0.17193013369032,0.0790996583426684,0.0869615994776689,0.0614426285372049,0.0444635954025876,0.05575219650513
13-L-Hydroperoxylinoleic acid,0.050081221698162,0.0500774434956652,0.049999446808271,0.0439912744262897,0.0418722285324566,0.0507725776477616,0.553777425606497,0.0310745821037316,0.0389702224837768,0.0257116471020907,0.0401217255239868,0.0235502045713111
"(R) 2,3-Dihydroxy-3-methylvalerate",0.0421259611250468,0.042126473472708,0.0420696379031292,0.037178820067175,0.033488094881414,0.042638167717925,0.627595340304336,0.0255533272964867,0.0327487292404394,0.0207329907782948,0.0348861792639808,0.0188562779490638
2-Oxoarginine,0.0774980396775166,0.0775794217593416,0.0775667730920957,0.0775521478974803,0.0343796525231434,0.0778463275891464,0.324560549797291,0.0570111153051898,0.0700645046825034,0.0418870300087884,0.0465092129818184,0.0375452246856847
Thymidine,0.0818534620649327,0.0817911226334504,0.0816553994412067,0.0691339321217308,0.0652588141350286,0.0828808822338982,0.267506197945697,0.0502045271767317,0.0632757625507208,0.0447019160154335,0.0706830193456996,0.0410549643354696
17a-Estradiol,0.0471142862140875,0.0470991448297458,0.0470250642242792,0.0400978182538459,0.0324256876059932,0.0477313046290562,0.599368491598773,0.0269693661510268,0.0356035171340648,0.022079957985368,0.034613846081055,0.019871515292705
L-Lactic acid,0.0518012199196453,0.0518134556647796,0.0517270721753288,0.0456801914381907,0.0205120961638028,0.0526082555497606,0.588361895673422,0.0290219555735764,0.0395890675608557,0.0225184488050168,0.0262400652641958,0.0201262762114258
4-Hydroxycinnamic acid,0.0949500174084424,0.0949396679581566,0.0947824290921003,0.0847125736393713,0.0458793394509136,0.0963260845648959,0.204671469612296,0.0583355379143207,0.0753173085633993,0.0492764973098206,0.0553994261468827,0.0454096483394009
1-Naphthylamine,0.0149574509430017,0.0149595491766546,0.0149365746347636,0.0131447010607348,0.00711633752989308,0.0151689317394101,0.877740304140674,0.00858002503019191,0.011462898925341,0.0067456982744319,0.00913729329304177,0.00605023525186131
12-Keto-leukotriene B4,0.02718065355375,0.0271881956866673,0.0271404780741819,0.0242165268945151,0.0140954368213766,0.0276326620342433,0.774883361595544,0.0163205765537511,0.0210524487624633,0.0128940422853015,0.0157029436610721,0.0116926740771335
L-2-Hydroxyglutaric acid,0.0980873420887636,0.0982537707280813,0.0982107008767211,0.107458833293552,0.0280800581127892,0.0989573931629558,0.149242732953702,0.0787639585323132,0.0950331879224023,0.0567585738224149,0.038965722881623,0.0521877256246818
Lipoxin A4,0.083083792305655,0.0831881381825489,0.0831208743867938,0.084801606252927,0.0331663690841284,0.0839963881527327,0.276942833298641,0.0636778177848714,0.0750307734139913,0.0475098540358855,0.0418096586302399,0.0436718944715845
N-Formyl-L-methionine,0.0541741199687379,0.0542109847265088,0.0541390186996374,0.0508226001953464,0.0278029679545198,0.0549329635446771,0.539933210656747,0.0345346167822913,0.0437454288000154,0.0268595552903839,0.0342428150626743,0.0246017183184606
S-Glutathionyl-L-cysteine,0.0490667521191777,0.0491726495772355,0.0493524205737701,0.0788399497397575,0.00843317376079839,0.0477924808814553,0.0129171678062477,0.21692185966522,0.126101204201138,0.188416361188506,0.012474245417629,0.160511735069064
L-Carnitine,0.0678997250097842,0.0680170341104811,0.0682048549386476,0.0945850987604396,0.0124491666016294,0.0665623080596236,0.020251037934415,0.176782421288511,0.134168433370079,0.150473102583275,0.0174000832083038,0.123206734134811
L-Methionine,0.0580444695700855,0.0582064968016154,0.0584119242059513,0.0940606336920149,0.0118382715238542,0.0567223055109433,0.0297357942658093,0.277642168930956,0.130151228931135,0.110247438474049,0.018664036245051,0.0962752318485355
beta-Alanine,0.0221113442144605,0.0221512606177355,0.022226882108775,0.0330012570847452,0.00543526133526722,0.0215661576335343,0.00905781027077482,0.301153480065416,0.052251550342443,0.242225787632421,0.00789939644977359,0.260919812244653
L-Lysine,0.0641147088410528,0.0642870157823763,0.0645312418388768,0.102086400910888,0.0137066961766723,0.0624908004253178,0.03307038750797,0.238345164502309,0.139432217720883,0.105247843435141,0.022210485910104,0.0904770369484091
Oxoglutaric acid,0.0798081280907901,0.0800303763292902,0.080255603767573,0.120377003415172,0.0150284356651323,0.0784557616524504,0.0271138840892998,0.168181534515223,0.148420787088709,0.098906587553755,0.0199229621823544,0.0834989356502515
L-Proline,0.0514768144228485,0.0515912244062228,0.0517727588452393,0.0783011788340403,0.0141620699398813,0.0502323325697035,0.0265155587962318,0.264269516910757,0.107432418859459,0.143710999218074,0.0223643949069161,0.138170732290627
L-Threonine,0.0539864892669788,0.0541046193389409,0.0542838468483166,0.0797796615994578,0.0118919852819817,0.0527578308490417,0.0279483740403225,0.295789910653546,0.117869987038824,0.12850780470326,0.0171921393117576,0.105887351067571
L-Pipecolic acid,0.0297559315747409,0.0298178833193699,0.0299330027664267,0.0464383901669664,0.00714504279212163,0.0289355544614137,0.0131557400438316,0.406543224287313,0.0740976588583278,0.167743072332399,0.0111202480564012,0.155314251340688
2-Phenylacetamide,0.023072069306937,0.0231125299869798,0.0231973631544614,0.0347142222557505,0.00579317810372182,0.0224511441858052,0.00994367360770215,0.295064068984569,0.0552628808641277,0.232731541080672,0.00913452966613086,0.265522798803142
Acetylcholine,0.0217033774570797,0.0217396016009669,0.021809361329177,0.0315687000283455,0.00559991340931945,0.0211977606692689,0.00971581832908129,0.288375664801466,0.0493295606297087,0.241068108480685,0.00791629957347166,0.27997583369143
"(9Z,12Z,15Z)-Octadecatrienoic acid",0.0767156800296737,0.0767768024230455,0.0769224094472943,0.0917672062304715,0.0155823541580117,0.0755689544674175,0.0386517107119864,0.160756806201453,0.125625623902072,0.131372101363816,0.0221245533201168,0.108135797744641
2-Dehydropantoate,0.0258129999368192,0.0258693622744202,0.0259703406050891,0.0423898814063341,0.00498473873834231,0.0250955131208119,0.00846816653412984,0.336305787169555,0.071779327077581,0.217590460701112,0.00783037362453913,0.207903048811266
Indolepyruvate,0.0285206811165751,0.0285777510568914,0.0286845155307342,0.0442355919928638,0.00663919997509859,0.0277566228350183,0.0120825163244869,0.385940985106209,0.0712736775520436,0.182581413667507,0.0100789398520003,0.173628104990572
p-Octopamine,0.0470882079698523,0.0472107644313063,0.0473950221168748,0.07724935608682,0.0104284653893362,0.0458433834592962,0.019601632538933,0.315799477411972,0.113244236842049,0.13680929049906,0.0166773844675042,0.122652778786996
N-Acetylornithine,0.0689046642226746,0.0690497137312828,0.0693349700525302,0.108033682128228,0.0128048434378074,0.0668440064366291,0.0203288626113995,0.156602268429651,0.144877588469007,0.134952114806098,0.0265603012328574,0.121706984441835
Histamine,0.0440633422709178,0.044165799805196,0.0443578568996996,0.0737726350219641,0.00895862922692542,0.0426929751593512,0.0124002348437265,0.260214037365013,0.12087265299215,0.179757382665363,0.0132528406279042,0.155491613121789
Indole-3-acetaldehyde oxime,0.0791203151600709,0.0792214217562491,0.0795081430519437,0.104527438246593,0.0231099607846462,0.0769212296143375,0.0373751211281793,0.139232206747515,0.131622001165094,0.109117881985171,0.0431505509062353,0.0970937294539641
"1,1-Dimethylbiguanide",0.0518672184311648,0.0520054450598637,0.0521963833883877,0.0848025881822102,0.0112137289953564,0.0506073961628673,0.0250307789100067,0.298736101881898,0.11963743303161,0.123268485932224,0.018131521526185,0.112502918498225
Retinol,0.0517824919964157,0.0519178874347652,0.0520842511633409,0.0831387265596529,0.00958159881957258,0.0507107909966569,0.0194186072504956,0.288441856149226,0.121398002188673,0.137953647894619,0.0140392463659747,0.119532893180608
D-Phenyllactic acid,0.032311638062595,0.0323842616597248,0.032510865434134,0.0514656026743722,0.00677520456677839,0.0314199744860094,0.0139801389603909,0.450370009311775,0.0850349301880123,0.138218944058524,0.0104747440433907,0.115053686554293
Phenol,0.0634950259626664,0.0635962299377439,0.0638298794992187,0.0915920682166133,0.0136172438237332,0.0617488805512946,0.0263898812490985,0.190939758128034,0.132328536515061,0.142536651977531,0.0237784404915922,0.126147403647414
N6-Acetyl-L-lysine,0.0538712117296684,0.0539677002732739,0.0542716460216231,0.0890353688695996,0.0101099122419325,0.0515453518996218,0.0132692033713432,0.183121325358643,0.159346310352861,0.174502651392581,0.0199077528889212,0.137051565599931
1-Pyrroline-2-carboxylic acid,0.0636479772021146,0.0637357965328198,0.0638950795625162,0.0815742902323486,0.019301273234714,0.0624961116864144,0.0383324393249905,0.204028165505227,0.109918066712364,0.143896609469679,0.0247263523525699,0.124447838184242
"3,4-Dihydroxymandelic acid",0.0419574943489983,0.0420484140870337,0.0421969882421223,0.0640381315625469,0.00922131400173981,0.0409215500706172,0.017256871759886,0.334470970794474,0.0991543604098133,0.160934456517401,0.0135053426116188,0.134294105593748
Gentamicin C1a,0.0416603266388982,0.0417299748596086,0.0418400002739332,0.0581489394908678,0.0123555947802525,0.0408952217765024,0.0201198623341657,0.244074405181637,0.081538265613922,0.194287128528569,0.0153775434067907,0.207972737114852
Taurine,0.0318916692479412,0.0319538067003785,0.0320559697370258,0.048113406198723,0.00764469374043938,0.031178407231831,0.0144378682505989,0.29351402919978,0.0716001556504714,0.19867587017914,0.011712750623781,0.227221373239889
Dimethyl sulfone,0.0342907350339616,0.0343596623497445,0.0344834520476425,0.0528859947072372,0.00882130898813656,0.0334131579084014,0.0129011017896075,0.256860263059769,0.0789778212103223,0.208021109641681,0.0130056140025274,0.231979779260969
Kynurenic acid,0.0507299174957571,0.050809233975864,0.0509631479538603,0.0698976739428375,0.018878132772663,0.049619046221165,0.0261108244205836,0.210181212857827,0.094041377463969,0.173220345266076,0.0248088107580987,0.180740276871299
N-Acetyl-L-phenylalanine,0.0652956258698727,0.0654634453317774,0.0657735513457807,0.109941896906462,0.0148422033859039,0.0631134703861735,0.0214161217886366,0.18692102553495,0.149243525050933,0.120932893971214,0.0279464971179513,0.109109743310346
Salicylic acid,0.0324610830772857,0.0325180512784238,0.0326457497334404,0.0488609462516333,0.00697249824689804,0.0315134003143791,0.0134674253151183,0.370011193383808,0.0837316779358856,0.189196853362052,0.0109596082144037,0.147661512886672
L-Phenylalanine,0.0474759551732104,0.047595628801933,0.047744956479801,0.0752963694566494,0.00999214857239194,0.0465127734842764,0.0194016853214905,0.30482993962407,0.107733529932471,0.145043385638363,0.0141876016891514,0.134186025826193
Glucosamine 6-phosphate,0.0556997613428164,0.0557896599004272,0.0558992189359466,0.0744236243964198,0.0141706025140333,0.0549836636801704,0.0289019334221724,0.21880002876135,0.099765163417854,0.16540940052519,0.0178087390087861,0.158348204094834
2-Aminophenol,0.0734665934144941,0.0736834261907541,0.0739206367028036,0.119740830719459,0.0137220437485921,0.0720187851604626,0.0338917734687378,0.186613791373237,0.146248606068551,0.0969402706461024,0.0223765220633316,0.0873767204434751
D-Octopine,0.0441408786532387,0.0442107700052987,0.0443282402231902,0.0612782833918513,0.00958312506918216,0.043301833818509,0.0206926737907548,0.271691455345789,0.0926258992829959,0.190094459314204,0.0134675959957133,0.164584785109272
Sucrose,0.080360513452824,0.0804053924152472,0.080686961898736,0.0979953204094576,0.021220462085761,0.0780064893443934,0.0204134581903947,0.131392084248032,0.13987797719426,0.137194236201382,0.024972199682835,0.107474904876677
Glutathione,0.0909029514135105,0.0911177043625367,0.0914059357241238,0.13730885237658,0.0124433603395093,0.0889411834586674,0.0180479090639253,0.115980313364377,0.17306681927909,0.0895943087327702,0.0171359117833649,0.0740547501015449
N-Acetylserotonin,0.0946483797978109,0.0946208292974201,0.0949932486871853,0.107247975373592,0.0193006806719967,0.0912992975611903,0.0231695717249368,0.0945576317577605,0.139027827376833,0.107418658107735,0.0458415051497772,0.0878743944937618
Pipecolic acid,0.106125956137592,0.106058929293014,0.106451045418904,0.116893408634084,0.0195476272558384,0.102466140670311,0.0193801105269724,0.0750895142093698,0.134659722654055,0.0891389757800117,0.0475523386623679,0.0766362307574801
D-Fructose,0.100866985501885,0.100751646942185,0.100892754497591,0.0980061909724849,0.0204141113658237,0.0991805832498607,0.0258768228457757,0.0938505069701945,0.124624537377864,0.114329496077761,0.0288053387627919,0.0924010254357834
Linoleic acid,0.0976323298496686,0.0976161046406667,0.0976742011838602,0.100414837706713,0.0187186083791627,0.0969802907062932,0.0366862287033243,0.108136567866582,0.122345991128435,0.107902887519749,0.0256222693248945,0.0902696829906509
Sphinganine,0.109047928747134,0.109068890596333,0.109430409432637,0.129673339994127,0.016730579924185,0.10588497925772,0.019806217592218,0.0754598082919383,0.140900745775172,0.0793553009637904,0.0352443652865086,0.0693974341382352
Succinic acid semialdehyde,0.106477535432441,0.106414023328815,0.106612421129069,0.111553358122708,0.0231598291924107,0.104476303532822,0.0241225447692366,0.0779794137284831,0.120135916334976,0.0914752389825303,0.0445232179540055,0.0830701974925031
N-Acetylneuraminate,0.0873568951349628,0.087519174300814,0.0879872194249589,0.139657748124593,0.0112008930656808,0.0837787897380164,0.0181748918304467,0.10312327527115,0.184552234877506,0.091359223944023,0.0287736151691407,0.0765160391187079
6-Keto-prostaglandin F1alpha,0.0735539955421887,0.0737464218904244,0.0741607961323415,0.128821219792728,0.012162440595698,0.0705597512504882,0.021712335085467,0.153953814246385,0.185317209096022,0.0969948796142889,0.0282474644687647,0.0807696722852034
4-Hydroxycinnamoylagmatine,0.102698480582875,0.102626889551413,0.102945646673468,0.105697970861161,0.0391215716960846,0.0996743372131163,0.0235471569980796,0.0783991376130736,0.119107888071486,0.0877653240640724,0.0626954104533504,0.0757201862218207
2-Keto-glutaramic acid,0.0934444963130775,0.09354811830345,0.09366104887239,0.103890289835685,0.0436556495571273,0.0927314404010828,0.0554398741442406,0.109889416567017,0.11051966971657,0.0862497455261079,0.0404354533984405,0.0765347973648112
N2-Succinyl-L-ornithine,0.0736665204207945,0.0737618192263832,0.0741544812526156,0.109372425353253,0.0155904285900789,0.0705682502175203,0.0168455864604002,0.129372189478027,0.162629929025422,0.132778701608072,0.030392962708711,0.110866705658722
N6-Acetyl-N6-hydroxy-L-lysine,0.113854407107144,0.113816940029065,0.114173500299812,0.118085800378117,0.0246964323842125,0.110576802107825,0.0236587031076409,0.0661654655235156,0.118507345316696,0.0674003434247393,0.0709739517848315,0.0580903085364021
12-OPDA,0.0990252013041064,0.0989390576246196,0.0989484113879195,0.0940208425992276,0.0321658659159898,0.0986190299268985,0.0396223811787193,0.0958683426124564,0.108172845854922,0.106658117249104,0.0335764103072879,0.0943834940387484
cis-Aconitic acid,0.104769003758453,0.10464131169735,0.104827335922489,0.103589848368694,0.0192988149215743,0.102647699341803,0.0213883350735209,0.0842817252526452,0.127923065121675,0.107756954487375,0.0297215512932165,0.0891543547612033
Pyridoxamine,0.0856341795504714,0.0857035128508584,0.0858328407411515,0.102458744280251,0.0149603027739483,0.0846336991898392,0.0283609062348352,0.126355979087697,0.128729710665381,0.125921212127242,0.0228771968587417,0.108531715639584
D-Glucose,0.0754664112937134,0.0756084143019986,0.075890376500468,0.115263730056392,0.0130065647573885,0.0734019701460838,0.0168630571667,0.128123616657028,0.149209179407694,0.133072353462465,0.0227964356005443,0.121297890649525
Uridine,0.0936538058669995,0.0938783175740923,0.0941102455420185,0.128742591571101,0.0181370696594999,0.092261290709052,0.0643556791832299,0.111033519527134,0.131047288509254,0.0715176852946344,0.0373916207544387,0.0638708858085455
Adenine,0.0782207634358438,0.0784430574516779,0.0788259256011613,0.144127514803668,0.0107806002061975,0.0755460407021527,0.0174421728178607,0.126199489613482,0.183961257282242,0.0973554187979979,0.022925609978376,0.0861721493093396
Uracil,0.106828578445018,0.106786955501658,0.107147814228972,0.117288817342206,0.0253819407184159,0.103522839485966,0.0213591856965706,0.073853631291885,0.126569889313846,0.0820629864089669,0.0565988438399997,0.0725985177264962
Gentisic acid,0.0998219588400707,0.0999606364985805,0.100156787607902,0.125872278287469,0.0159465592140986,0.0984423098503013,0.0361396100959101,0.103656475122121,0.139364767886464,0.0816253113672172,0.0273697555809237,0.0716435496489409
Hydrogen phosphate,0.097181534534171,0.0971883929277276,0.0974732133388654,0.106873456189933,0.0407840445639894,0.094693190016662,0.0255558725289235,0.0857721306185476,0.117170761205683,0.09157867127287,0.0643319549283261,0.081396777874301
alpha-Ketoisovaleric acid,0.0883213253501448,0.0886184027355574,0.0888611650929351,0.14188405468672,0.0160855447352055,0.0870513301372986,0.041112137094037,0.133368886927619,0.144741145961834,0.0755419646134074,0.02633731301371,0.068076729651531
Allantoic acid,0.0789044488955477,0.0791917274237063,0.0796007795945977,0.16061322021987,0.0107979715752301,0.0762034771540819,0.0190569782675474,0.131382836523737,0.197218109589649,0.0783555151487684,0.0209932720786852,0.0676816635285794
N-Acetylaspartylglutamate,0.0877231115081161,0.0879848068489991,0.0882195216983625,0.133215475933299,0.0143077644444029,0.0864025100633232,0.0377798403869925,0.138037636410237,0.146168809609258,0.0828860630165397,0.0251472926071829,0.072127167473288
Deoxycytidine,0.0407669791415746,0.0408202895689343,0.0410069649986714,0.0602532250227262,0.00875187705191311,0.0393046927066995,0.0117049647756742,0.173936777234357,0.101991651843762,0.261633742777937,0.0160954319729688,0.203733402904783
1H-Indole-3-acetamide,0.0607722383571498,0.0608171707542012,0.0610202287270127,0.0779245120038226,0.0178219955687421,0.059126482553418,0.026281696468374,0.164291374262596,0.11170220372356,0.174612655548297,0.0284425541765884,0.157186887856239
1-Hexadecanol,0.056850642401655,0.0568631934278475,0.0570490797581343,0.0700157574032886,0.016259722505357,0.0552505190339449,0.0163438189227258,0.125864705821373,0.102959739978757,0.222866777171865,0.0225961870542014,0.197079856520851
Sorbitol,0.0552473881296302,0.0552880421985466,0.0554057943440529,0.0674414371610205,0.0153943902242166,0.0543140779461566,0.0289851757467838,0.17552579782334,0.0938789909887854,0.197308307897493,0.021351176242696,0.179859421297278
Palmitic acid,0.0544300150676367,0.0544808167271931,0.0547406567513709,0.0762550889145241,0.0133772249122585,0.0523331500276699,0.0145466420836619,0.153041926348865,0.124083447701214,0.212271582475242,0.0234980885776636,0.166941360412701
