ID,#1,#2,#3,#4,#5,#6,#7,#8,#9,#10,#11,#12
Linoleic acid,0.100070089622554,0.0995825155167357,0.0970041751497159,0.0876986812100423,0.0762613665837918,0.071625823270525,0.0691745541244981,0.0955624925792252,0.0629997529309743,0.0882365290168154,0.0949923907015175,0.0567916292936045
Xanthine,0.104203457351614,0.103737508365479,0.0966344708028055,0.0916871368509488,0.0705387191138835,0.0700629915743552,0.0722229729504581,0.0993930246363604,0.0632298555099268,0.0815908523666486,0.0937247743772921,0.0529742361002285
Aminoadipic acid,0.0946092282106615,0.0921312595807127,0.0888990024244276,0.0835059155756451,0.0765537114970687,0.0933880066412032,0.0807427359896309,0.0871538408136326,0.0701099643684016,0.0811347737386536,0.0890635060543829,0.0627080551055796
Uridine,0.0944102886803351,0.0943065453081444,0.0895687570473613,0.0854268577067491,0.0724577271507922,0.0805475950497496,0.0747369753468045,0.0936427450190534,0.0740442622735527,0.0869751387501407,0.089259668006407,0.06462343966091
Anserine,0.0943766563257737,0.094119608297539,0.087195257086904,0.0851345397651352,0.0784222046498501,0.0844478379390412,0.0826512420384259,0.0922995788410703,0.0683888420741029,0.0839543398239338,0.087708908423014,0.0613009847352099
3-(2-Hydroxyphenyl)propanoic acid,0.094059678211075,0.0920655427229874,0.0898954173463812,0.0860971694350965,0.0801330827899848,0.0846028961113944,0.0812873941353088,0.0874163502635673,0.0715330496048795,0.0802377460611551,0.0877892286378767,0.0648824446802932
Jasmonic acid,0.0907725899462209,0.0896456828746699,0.0860302218908357,0.0862565538706027,0.0817484309054342,0.0870172351391708,0.0897686547441419,0.0870989534292548,0.0721385897011314,0.0788036878592381,0.0856968046921343,0.0650225949471653
Ascorbate,0.0914099475347155,0.0887280088610002,0.0864043846130226,0.0867306388762381,0.0842172833024732,0.0879772602456302,0.0866050846392571,0.088566986002159,0.0732920255406864,0.076519124859822,0.0829822536194289,0.0665670019055668
Glutathione,0.103522579616157,0.109984100079551,0.0975100269929418,0.088774412373918,0.0652775957138413,0.0625481751765273,0.0660127110314584,0.1029192412158,0.056040635166734,0.0944187943129057,0.105525253008168,0.0474664753119962
Citrulline,0.0975102083059956,0.0981638305101404,0.0890913317170312,0.0865267294319145,0.0741387070744426,0.0792762532065467,0.0791787328820434,0.0960885877878043,0.0667386547830183,0.0853841523252519,0.0899556008565936,0.0579472111192174
Oxoglutaric acid,0.100723382235261,0.107252470219397,0.0925851053252856,0.0833535262061079,0.0637738710821847,0.069859679924141,0.0680911706787155,0.0997682739172228,0.0573439109058905,0.101726631809087,0.106762458069271,0.0487595196274359
"(9Z,12Z,15Z)-Octadecatrienoic acid",0.10237626210134,0.106245989084749,0.0986334140128132,0.0846769141773685,0.0658653592283056,0.0656310870344159,0.0622766974930369,0.0999672100228843,0.0587180149681679,0.10040172826064,0.104032751053935,0.0511745725623437
Pyridoxamine,0.0988516744123445,0.102768168585785,0.0938760404824619,0.0849799942234115,0.0704011567245727,0.0681187210493678,0.0663972387076647,0.101046573494915,0.0610171471622543,0.100367567136347,0.0978311521976685,0.0543445658232069
Gentisic acid,0.0985032395829078,0.0991824454907713,0.0945779694699885,0.0883090322327674,0.0735370172139257,0.0711507143049708,0.0705014337027162,0.0969114498877475,0.06713288712334,0.0884004823153218,0.0926645478002036,0.0591287808753394
alpha-Ketoisovaleric acid,0.0970414998634241,0.100335174466518,0.0896311235923582,0.084056721541441,0.0687924928974216,0.0767529630713996,0.0738156016012806,0.0965606998693688,0.0657561527098272,0.0949348714297722,0.0955543448970084,0.0567683540601803
N-Acetylaspartylglutamate,0.0987304775765935,0.101687055724239,0.0899367213208586,0.0830553879733742,0.0679238449112069,0.0769811894376684,0.0709389897928693,0.0996980769220232,0.0637781718053062,0.0965987020160292,0.0955452136165838,0.0551261689032473
D-Fructose,0.0969046958426528,0.0959114876986601,0.100342798084648,0.0944516043261924,0.0769206282374284,0.0666086745812949,0.0686376611588331,0.0957080065608654,0.0670339856154985,0.0836790287865735,0.0946051272990697,0.0591963018082827
12-OPDA,0.093336867043441,0.0926806750269398,0.0946008240099786,0.0898481856018691,0.0820871190470211,0.0730903515339288,0.0749612789762111,0.0894741790894776,0.0693954526734379,0.0842376487856303,0.0921063691531906,0.064181049058874
cis-Aconitic acid,0.0945741160581048,0.0944277581432744,0.0985379913653691,0.0961725452132016,0.0777418674148708,0.0650958462619501,0.0697017209365018,0.0965637815256784,0.0695841916386721,0.0836201358063283,0.0926348872034299,0.0613451584326188
"15-Deoxy-d-12,14-PGJ2",0.0913930149693985,0.0902504095764755,0.0946385763589393,0.0911236455094275,0.0820268323689394,0.073670725460865,0.0756689841288574,0.0882243470430348,0.0723063395249214,0.0823540913732953,0.0918613371186741,0.0664816965671718
N-Acetylserotonin,0.0900857180598893,0.0902632100555828,0.0971808796787742,0.098716186647168,0.0700994316468051,0.0635618160005824,0.0669025007554083,0.0986984467634571,0.0827401537256546,0.0833227443865311,0.0911954677183595,0.0672334445617876
Pipecolic acid,0.0876981404308296,0.0878150909332758,0.0934930045256321,0.0990067579155866,0.075641502305198,0.0642038386546856,0.0714892319229466,0.0955126819212244,0.0856811509122065,0.0804296650303858,0.0867662428243109,0.072262692623718
Taurocholic acid,0.0893315357284441,0.087220741693073,0.0884574121253893,0.0898011444160095,0.0880384387401804,0.0766354701065352,0.0801859225384803,0.0892629753320348,0.0780603537778721,0.077357945162131,0.0819975469275471,0.0736505134523032
Succinic acid semialdehyde,0.0885866515775462,0.0890370150228765,0.0910907502497735,0.0929475089466823,0.0800722171827011,0.0686475054888022,0.0748305767040619,0.0928026457573203,0.0794766268100101,0.0835722207227879,0.0869290807311581,0.0720072008062799
Cortexolone,0.0830128492895541,0.0789007194018987,0.0906020904058943,0.0966457497432616,0.0893499655795423,0.0738704968674067,0.0822257396040385,0.0797624933193597,0.0932441842286092,0.0672149893472487,0.0802468990037646,0.0849238232094215
Stearidonic acid,0.0859650437516468,0.0827782544427558,0.0908786577489029,0.0945890055992629,0.088010602917961,0.0716750867867886,0.077054687997106,0.0856652415051521,0.0880513757534893,0.0723486398955534,0.0807463155057772,0.082237088095604
4-Hydroxycinnamoylagmatine,0.083691638909436,0.0827973564171591,0.0918211266800236,0.100042234715369,0.0774682694335067,0.0672600488646463,0.0779764509414097,0.0866113773526852,0.0935899042307104,0.0747579281295311,0.0863491983863624,0.0776344659391602
Uracil,0.0853925426968052,0.085305306725326,0.0911007919127389,0.0979379035263104,0.0773926317079465,0.0661932124777321,0.0756258972137014,0.0907236042066557,0.0901268158797056,0.0781776691240563,0.0854132201486635,0.0766104043803582
Hydrogen phosphate,0.0839134140014292,0.0841539889458229,0.0891127375040179,0.0949237027145519,0.0762431372466264,0.0706514061755199,0.0798268275039223,0.087745057737849,0.0899074713418273,0.0794906251978627,0.087646327988505,0.0763853036420656
L-Arginine,0.0788443074301065,0.0747573152785166,0.0797866476227033,0.0837350439821637,0.102500140560374,0.0877452399303429,0.09181710089507,0.0749180532126425,0.0899385243117985,0.0652167410796139,0.0720290491825679,0.0987118365141002
Norepinephrine,0.0808298117545124,0.0761899940435846,0.0812447451782147,0.0833743934443957,0.103431389289682,0.0925302174509739,0.0919106300084092,0.0750628642484945,0.0848624568823499,0.0658201489953069,0.0735351162542011,0.0912082324498747
Pyroglutamic acid,0.0831237480524539,0.0780512790284967,0.0850738656324391,0.0883353522571938,0.104005371266548,0.0839569988522444,0.0884263342246046,0.0775958005834506,0.0843235403602955,0.0657739642530202,0.0751688064447913,0.0861649390444619
Phenylacetaldehyde,0.0825913175465073,0.0785031544081613,0.081381644211845,0.0838787592586091,0.100619523217271,0.0904508705247407,0.0910556006095394,0.0784591928579305,0.0834325255070283,0.068240918140218,0.0741691221946012,0.0872173715235479
Ketoleucine,0.0816202723238005,0.078040483053053,0.0798668429006186,0.0821691771084335,0.0985301113680741,0.0943291039500932,0.0948111608851022,0.0771301942217773,0.0832696722910519,0.0686451949842517,0.0741808972840742,0.0874068896296698
"4,5-Dihydroorotic acid",0.079396478574122,0.0759499208420265,0.0782156718641201,0.0810909725540298,0.0972195207515283,0.0959869026382019,0.0967599659644691,0.0751420253158488,0.0869393063312588,0.0673025403639678,0.0728895329302685,0.0931071618701583
Pimelic acid,0.0834979570934398,0.0800002020697839,0.0828686327246396,0.0859879016170824,0.0974446139203823,0.0851570966982798,0.0897139249810986,0.0802177378465665,0.0841024172473418,0.0697737388331128,0.0757871340862924,0.0854486428819803
5-Acetamidovalerate,0.0821919091424651,0.07825477905177,0.085835499195787,0.0903303122438707,0.0947981205127953,0.0770459555813013,0.0825289764753629,0.0799135820357138,0.0924388908599165,0.0679574518580384,0.0760083180060641,0.0926962050369147
Dopamine,0.0861279858739951,0.0811322260579037,0.0850601513449308,0.0859005248421876,0.0987647380514909,0.0904848251988734,0.0876385504348804,0.0804105951087632,0.0793367461882791,0.0690042117775121,0.0769328974692854,0.0792065476518984
Phosphoserine,0.0815355599295674,0.0772691775301728,0.0825047208122127,0.0869060060060798,0.0996314685004154,0.0829094735901893,0.087336620725093,0.0786851712667674,0.0899134494120066,0.066580797852622,0.073386427144829,0.0933411272300445
Selenomethionine,0.0821839181477303,0.0775428919361419,0.0802470621187612,0.083990225646901,0.102316755184444,0.0936397636584655,0.0984484862109526,0.0766192214444235,0.0828399026225077,0.0651829172480627,0.0727053761669117,0.0842834796146974
Uric acid,0.086103299579878,0.0847051237109877,0.0836213952616533,0.0834737712826081,0.0892388254167869,0.0875587283763099,0.0867906487876736,0.0838578717195897,0.0772957569393022,0.0791007001310671,0.0813825160738305,0.0768713627203131
Stachyose,0.0795092947229699,0.0759206871054645,0.0791156307807695,0.0814211168342408,0.0985584426050768,0.093627468417506,0.0922052398375118,0.0755118302193947,0.0872901288682003,0.0678326377951644,0.0732076766829278,0.0957998461307735
trans-Cinnamate,0.0810550135722959,0.0775385900768931,0.079376567544373,0.0819091035613854,0.0984345038365604,0.0949642651107784,0.0959063799457549,0.0766516028674403,0.0837769125235295,0.0683195026937634,0.0738873503468468,0.0881802079203787
Phenylethylamine,0.0793616028116577,0.075622530101837,0.0790263114634616,0.081462231820863,0.0994919911033701,0.0937469743977899,0.0925256381661897,0.0752066900104943,0.0873544701190848,0.0672292518263216,0.0728501618576429,0.0961221463212874
Alpha-D-Glucose,0.0850157169527967,0.0800463255594437,0.0830381500452771,0.0838598433461663,0.101878917712867,0.0938431598296294,0.0901428220336683,0.0787733634157587,0.0789738801366071,0.0681462723149209,0.0752391152887865,0.0810424333640787
19(S)-HETE,0.0910179878484241,0.0857618680972213,0.0886628282353793,0.0873156250019184,0.0962844822039444,0.0858921793991906,0.0830439136998349,0.0840833152426338,0.074427120225112,0.0715813341721863,0.0796421415527341,0.0722872043214206
"(3S,5S)-3,5-Diaminohexanoate",0.0826755183699612,0.077242439588715,0.081336370119223,0.0817588926596689,0.0932095495938306,0.107132729239616,0.0941990448670943,0.0744141351627982,0.0842093023085649,0.0652544296274785,0.0745651174669905,0.0840024709960586
Hydroquinone,0.079923985173074,0.0767837235248126,0.0782412504428864,0.0801670943706505,0.0930347942135698,0.101093444028147,0.0960404125530037,0.0758977786857275,0.085478387138894,0.0693015001743386,0.0743504821017187,0.0896871475931768
Methyl jasmonate,0.0832583423542216,0.0803029712185278,0.0804680778782406,0.0811381519066146,0.0913183827939504,0.0990244478449812,0.0939971958690976,0.0783193347026372,0.0811123692137448,0.0719977584938685,0.0769475894207575,0.0821153783033581
Ureidopropionic acid,0.082892078535824,0.0794497040411461,0.079994613116611,0.0803771929642813,0.0897821670364813,0.10585426817538,0.0945813675872576,0.0775061458355372,0.0810269348309014,0.0708524418651119,0.0766658682120477,0.081017217799421
3-Dehydroshikimate,0.0866545530240225,0.0830954603085138,0.084639393723694,0.0829775196048477,0.0853506543225776,0.100214030023556,0.0891507763452309,0.0797026702894359,0.0783355500456546,0.0735048420012859,0.0818777760111478,0.0744967743000332
4-Pyridoxic acid,0.0839029134088442,0.0807944858467957,0.0818532654089764,0.0818897333491749,0.0878698777906979,0.101858297501073,0.0937413232996199,0.0782583067430321,0.0799892227921571,0.0723706849784033,0.0794210791713525,0.0780508097098726
Phosphonoacetate,0.0797109218837853,0.0767562222606442,0.0782965500251461,0.0803326585975706,0.0926437065774808,0.0994005685921269,0.0954205593866702,0.0760314406065364,0.0862748438330751,0.0697208460171283,0.0745370152784746,0.0908746669413614
Choline,0.0813701423835475,0.0786294948957916,0.0794257729456685,0.0814347589106321,0.0920982380976443,0.098525728610708,0.0975483016637726,0.0772973555355547,0.0826397422927662,0.070867377967176,0.0763256074297081,0.0838374792670305
Hippuric acid,0.0795537721265915,0.0759901025023307,0.0787565577275501,0.0802946621688277,0.0921535870241587,0.0994066387906345,0.0923884862391534,0.0749827064657329,0.0893016672238153,0.0681808959474761,0.0737919281250789,0.0951989956586501
Antibiotic JI-20A,0.0828078028729247,0.0784786587592873,0.0801240293874894,0.0801765132681109,0.0914925012966761,0.107817133483534,0.093442202855867,0.076178325328595,0.0823527159231732,0.0685400756606283,0.0752075227191961,0.0833825184445182
"3-(3,4-Dihydroxyphenyl)pyruvate",0.0893908850836457,0.0887250335930969,0.0840503983744678,0.0835055007195255,0.0784432772313953,0.0908523764465296,0.0864112697831612,0.087826130097484,0.0759318646923263,0.0816915373594147,0.0843919146567652,0.0687798119621877
Acetylphosphate,0.0803260261329492,0.0770308884655241,0.0782894459366187,0.080026930361295,0.0930745596259349,0.102898053369091,0.0965309111254114,0.0759448203851472,0.0844448073250631,0.0691210276431737,0.074357010041399,0.0879555195883926
Phenylpyruvic acid,0.0874663522445674,0.0846470968433043,0.0840683337223204,0.0819700979635023,0.0853704979179472,0.0994689418002979,0.0881023498113386,0.0815318846735198,0.075777702696198,0.0764340241509652,0.08234600869742,0.0728167094786188
13-L-Hydroperoxylinoleic acid,0.080817275035425,0.0768345571213274,0.0793533073167171,0.0801581920457089,0.0930384431520416,0.1041267534055,0.0938308290265925,0.0749889487836082,0.0853006053979751,0.0679957562544796,0.0744253479675748,0.0891299844930497
"(R) 2,3-Dihydroxy-3-methylvalerate",0.0803015492532254,0.0760127077103705,0.0790233974916187,0.080149579208121,0.0926398417881945,0.10552709361413,0.0944857636985785,0.0742085918151103,0.0869813477392484,0.0666018422781529,0.0736365468963446,0.0904317385069048
2-Oxoarginine,0.0845919417441977,0.0804833527628355,0.081970900850581,0.0816204515822804,0.0858484511656562,0.105793408078704,0.0912434741315558,0.0781579801550079,0.0826775176789658,0.0703804368153952,0.0778778718444808,0.0793542131903403
Thymidine,0.0811675077401149,0.0772987355627163,0.0805477822033834,0.081363776285899,0.0943470794870389,0.0970522352801864,0.0901292894319163,0.0760249198862811,0.0864699246735845,0.0688681553899525,0.0748677258927557,0.0918628681661711
17a-Estradiol,0.0807444174915452,0.0758274416653159,0.0797044684878601,0.0807172965338275,0.0947573793176148,0.105304901928641,0.0939047855155932,0.0737994370917037,0.0866668618787429,0.0652783437883875,0.0731775800720788,0.0901170862286895
Pyruvic acid,0.0919180303814719,0.0904026522915384,0.0849569052171363,0.0823333079629072,0.0792920546566181,0.0949809702567462,0.0853005915510877,0.0875182989017295,0.0715456815958579,0.0813246565242146,0.0850715214116043,0.065355329249088
L-Lactic acid,0.0839532965873942,0.0786035373499035,0.0813187306416204,0.081180923893738,0.0939358547003474,0.107334962281885,0.0930164529153612,0.0758052148208516,0.0816452402261602,0.0665594948996455,0.0746737579577428,0.0819725337253497
"Fructose 1,6-bisphosphate",0.0865635467772474,0.0854650584564541,0.0824149608145388,0.0823164857364287,0.082981789079897,0.0931420856443669,0.0890876464004426,0.0842549985517922,0.0780954131012518,0.0795688587173773,0.0818518117692075,0.0742573449509959
4-Hydroxycinnamic acid,0.0841376850645691,0.0805247818375313,0.0822025938022563,0.0821546419141416,0.0928907388285483,0.0959710396043103,0.0898812739334464,0.0784673677694058,0.0817553548652626,0.0713781579205763,0.0771084250395623,0.0835279394203897
1-Naphthylamine,0.0823473199039142,0.0772617689091065,0.0801742508598166,0.0805217157311438,0.0934740922233888,0.108398385129312,0.0934631086645348,0.0749796235828837,0.0839414078376052,0.0661516949056038,0.0738453293642059,0.0854413028884851
5-Hydroxyindoleacetic acid,0.0902417078107158,0.0864397187539864,0.0841846509819469,0.0847862493465642,0.0874597886916728,0.0959362152532953,0.0946411658355068,0.0833686575671235,0.0734900640670196,0.0719044442477875,0.080000105505186,0.0675472319391952
12-Keto-leukotriene B4,0.0829572270409952,0.0784645898484499,0.0803205380496389,0.0802717283278341,0.0932181953047223,0.107422567252473,0.093799364472918,0.0758824527690328,0.0814278208833046,0.0681579788723953,0.0750985323398468,0.0829790048383888
L-2-Hydroxyglutaric acid,0.0896528999110975,0.0873495740355839,0.084569767539019,0.0821693728184087,0.0841289336578217,0.0954537914436542,0.0865738575451718,0.0839651842755259,0.0742871559245054,0.0784575286915119,0.0827551321218,0.0706368020358999
Lipoxin A4,0.086326435295059,0.0834184579523662,0.0822351036418479,0.0808648775842748,0.0864145269333459,0.102253077272812,0.0900179466016734,0.0806456906826259,0.0773664532192668,0.0750998318415428,0.0799223297674115,0.0754352692077743
N-Formyl-L-methionine,0.0828700248090643,0.0790532302115042,0.080051581908162,0.0801804218128867,0.0906010045188114,0.105794200314218,0.0934271996973842,0.076864542145821,0.0822310325027613,0.0698879061916291,0.0758123383877461,0.0832265175000114
D-Glutamine,0.0879806509523916,0.0869267567113204,0.0833031587016645,0.081790211826528,0.0813438840899462,0.0944579963167346,0.0869929543774008,0.084781895673815,0.0759966543871795,0.0812232757986927,0.0834674166764011,0.0717351444879255
Glycocholic acid,0.0818345650627504,0.0783369644823552,0.080004290184662,0.0821594041440366,0.0942233199740034,0.0989249170951549,0.0997144539561313,0.0760989777753841,0.0820994844976823,0.0684042642280223,0.0756823014060973,0.0825170571937203
D-Xylose,0.0796775482046011,0.0744832632548013,0.0815757194526605,0.0853286007106923,0.0965035533765105,0.0974729956527696,0.100488276832148,0.0721888568136094,0.0886192202223507,0.0623707858982219,0.0742580093480663,0.087033170233568
Dodecanoic acid,0.0794843784344644,0.0762802976279033,0.0790830840429622,0.0821775228210669,0.0958278799523717,0.0942477348775058,0.0979072494553513,0.0750599051769148,0.0868275306496209,0.0677694959300759,0.0743271590702074,0.0910077619615552
Phosphorylcholine,0.079035893016388,0.0757492997122575,0.0783204043323158,0.0814136416480094,0.0963923066297297,0.0954453371242428,0.0978939490061801,0.0747451379483475,0.0873852154879859,0.0673187372648891,0.0733839809246739,0.0929160969049802
Maleic acid homopolymer,0.0779988565428758,0.0722641591629416,0.0820752308564267,0.0889984642293964,0.099563851710983,0.0891478434196871,0.100523762832227,0.0708758213061225,0.0954531828785186,0.0590448272785885,0.0721965505240636,0.0918574492581692
2-Hydroxy-3-oxoadipate,0.0782544796644845,0.0749289015510916,0.0787945277276212,0.0822716221409099,0.096138597628456,0.0936688583406734,0.0980534305770289,0.0737901320603764,0.0891389534266356,0.0665867820506978,0.0738208922298835,0.094552822602141
N-Acetylglutamic acid,0.0852862666381115,0.0817488109823543,0.0815203155436037,0.0845066806550614,0.0922101905272696,0.0931004469436907,0.0952493160617974,0.0815182433570659,0.0809496433831231,0.0700539223209135,0.0760070621978981,0.0778491013891107
13S-hydroxyoctadecadienoic acid,0.0777049705403985,0.0735251726879633,0.0799049400373005,0.0850992928118923,0.0962431434834978,0.0898989591447342,0.0987573164210572,0.0723929439632929,0.0943566309613999,0.063032232266336,0.0728962972502841,0.0961881004318432
D-Lysopine,0.0947202251252863,0.0960110447182938,0.0891086667964068,0.0892542204252672,0.0727257684693521,0.0755943068438821,0.0790033974503604,0.0972064202688974,0.0711942223196142,0.0851402297324569,0.0896830782946718,0.060358419555511
Sphinganine,0.09131136029189,0.0918859442794946,0.093894922592777,0.09630907112993,0.0761357783734345,0.0656811926486185,0.0723711553976871,0.0968474764489735,0.0776155893890262,0.082746484126555,0.0883973417651377,0.066803683556476
gamma-Glutamylalanine,0.0933652686932394,0.0973174983347165,0.0948144772203255,0.0904804085752347,0.0713955869294362,0.0647411488583478,0.0679494675712084,0.0996511601391473,0.0663574579053974,0.0973417431532867,0.0982634603371857,0.0583223222824744
N-Acetylneuraminate,0.0948446071144978,0.099167314945321,0.0950451993413088,0.093062331556129,0.0639556498223365,0.061035573780857,0.0631853848321502,0.111277647049074,0.0714354490973526,0.0950017441941421,0.0942605202957913,0.0577285779710403
N-Acetylmannosamine,0.0880691206952876,0.087549035814079,0.0856216928243836,0.0856716114882767,0.0855264326656025,0.0812428830137003,0.0828114739494347,0.0881802617221877,0.0762600173862011,0.082322789611701,0.0835804899019578,0.0731641909271877
6-Keto-prostaglandin F1alpha,0.0948822409785377,0.101908761980767,0.0956176789602419,0.0908340885563884,0.0577728035291382,0.0597325312676781,0.060705816926274,0.111001076427722,0.0690012107022528,0.102215046747102,0.102913568374228,0.053415175549669
Protoporphyrinogen IX,0.0912299903820513,0.0983103171775584,0.0998679830393355,0.0955162908583883,0.061100657008421,0.054609961025537,0.058564019635841,0.108688709775792,0.0681210842109178,0.104461132204595,0.104214396614176,0.0553154580673872
N2-Succinyl-L-ornithine,0.0900317761808899,0.0974877333830878,0.0982787036172117,0.0979842882551052,0.0594841810591598,0.0553929467790482,0.0612127239613842,0.106725775319826,0.0712947124471953,0.100647148977218,0.106191276547649,0.0552687334722245
N-Formyl-L-glutamic acid,0.0901128752727755,0.0915869293501093,0.0853903234237471,0.0840527041185451,0.0743082677581354,0.082924302788906,0.0807323811021509,0.0917160893162794,0.0749280951915798,0.0892262727620244,0.0881997649938085,0.0668219939219385
6-Methylmercaptopurine,0.0878538491150408,0.0892532076668579,0.0846998859159386,0.0844834305852382,0.0753881829508257,0.0812334157206404,0.080637677024138,0.0907571630837424,0.0790747658890279,0.0885833530755856,0.0865686360676511,0.0714664329053133
4-Guanidinobutanoic acid,0.0890175582043939,0.0917920828136392,0.0973505780153829,0.0971823243936467,0.0689789846680341,0.0609502316348274,0.0656757389110029,0.0987773330242988,0.0775620356131038,0.0914105508038602,0.0964802025103793,0.0648223794074309
Dehydroascorbate,0.0949793530459243,0.097613330258353,0.0927699961581994,0.0945763932069758,0.0688831152744194,0.0666878511939167,0.072988357765987,0.102462318952629,0.0719410655477081,0.0861231254064157,0.0923991305570362,0.0585759626324352
Adenine,0.0949577046192575,0.10318925093785,0.0916657359031706,0.0877032893071557,0.0623095343559838,0.0612478163701454,0.0637775829095271,0.110445187700685,0.0647632767864623,0.107499988568396,0.0987559085503847,0.0536847239909817
Gluconolactone,0.0888374665888738,0.0897607699506972,0.0847042887844629,0.0835491648847019,0.0754457768342296,0.0847768377540292,0.0814390011010338,0.0899757869392345,0.077228082531138,0.087715887608668,0.0867414554591188,0.0698254815638123
Allantoic acid,0.0980855373324472,0.105989999690599,0.0931214278894333,0.0880789060009249,0.061051325262971,0.0627284522902315,0.0648666902457833,0.108363027823701,0.0631475264617633,0.101694790565559,0.101510693913268,0.0513616225233198
Imidazol-5-yl-pyruvate,0.0853755292703242,0.082501602820737,0.0864072047294958,0.0865438278769473,0.0839198004032843,0.0824073280160685,0.0792795883703385,0.0834431074751026,0.0891741659138123,0.0749811611930837,0.080207736343385,0.0857589475874209
L-Glutamic acid,0.0785006643497046,0.0747352932328971,0.0788390543238604,0.0871451309771265,0.0843890113342922,0.0839276154840763,0.091284924060008,0.0782623209385983,0.110327113275523,0.0638298688677343,0.0710308903176507,0.0977281128385287
Nicotinic acid,0.0792718387824475,0.0765668144581706,0.0842604997452909,0.0930188931389561,0.0767897023663366,0.075980394972441,0.0850507470103288,0.0792382263655393,0.114486694503607,0.0669773442561149,0.0779125074028032,0.0904463369979645
Mannitol,0.0767296623771435,0.0744036664265283,0.0791375090872023,0.0847294878546278,0.0855742312267115,0.084904269237614,0.0919514714519575,0.0755655700656633,0.102573130707111,0.0680692883203362,0.0749703013984455,0.101391411846659
L-Serine,0.073309969903507,0.0698391573707777,0.0771460421283571,0.0853198287124356,0.0852071443811131,0.0800655045561498,0.0900547217274306,0.0714944539165365,0.120523573120564,0.0610049514900682,0.0697752215020793,0.116259431190981
Vanillylmandelic acid,0.0735938426475119,0.0685952111165193,0.0782409588244348,0.0914110435016804,0.0831812179682726,0.0720319487915518,0.0827614880483381,0.0732138393994746,0.143211628019878,0.05620656832099,0.066033092062274,0.111519161299075
pantothenic acid,0.0842656349163109,0.0831329208789692,0.0863173042411478,0.09496533834698,0.0763563796661786,0.0729832820150768,0.0832037892694699,0.0884207303132302,0.0970249861870307,0.0735854813211662,0.0812926010781226,0.078451551766317
Homovanillic acid,0.0806753060521777,0.0754015539269277,0.0856644300412508,0.0916434502529191,0.0903490451495061,0.0859341180277038,0.0939015259404488,0.074018156510539,0.0965300489978476,0.0623123191854477,0.0764947594614636,0.0870752864537681
N6-Acetyl-N6-hydroxy-L-lysine,0.0834303376688545,0.0811513925611062,0.0871039402719726,0.094673785235759,0.0804056141912826,0.0731344562127137,0.07996261213692,0.0870081977634196,0.097798974042113,0.0720696709720163,0.0798062836063581,0.0834547353374845
Formylanthranilic acid,0.0764154842131362,0.07164484956623,0.0782733017030602,0.0861756236263045,0.0822507395852069,0.0843321589942468,0.0876296477667126,0.0742565807325654,0.123956654804792,0.0600561213326103,0.0688916196815851,0.10611721799355
Pantothenic acid,0.0780010378651659,0.074475953879331,0.0793267277803009,0.0830424699457387,0.0851866326627635,0.0896874032805718,0.0879697806932403,0.0751852800788913,0.103947094948379,0.0663169359496294,0.0731752702188476,0.10368541269714
Fumaric acid,0.0846453959231625,0.082893885281481,0.0838200071055086,0.0898683921593694,0.078593588177396,0.0800713706357323,0.085654337512916,0.0873689041723833,0.0941889655333465,0.0736084216694173,0.0790982038626825,0.0801885279666047
Dimethylglycine,0.0830097545843693,0.0804712323154697,0.0822964826320036,0.0885894969422258,0.0808355981838971,0.0824285969385084,0.0877681937080631,0.0841569640235976,0.0981525268440695,0.0705204871008702,0.0764864007026301,0.0852842660242957
L-Aspartic acid,0.0821671323209226,0.0790277385524443,0.0823720632976702,0.090500953358737,0.0805273794211397,0.0803669359021634,0.087504583013606,0.0834591482699007,0.10416377170658,0.0677571469738556,0.0750752837061063,0.087077863476874
Creatinine,0.0778873569073822,0.0751543664011757,0.0811046153637876,0.0851020247617417,0.0852211382201852,0.0839440514734863,0.0868505382068816,0.0757587559367018,0.102316070799204,0.0685503955577862,0.0759593875022282,0.102151298869439
Malonate,0.0732736258437301,0.0690623501250806,0.0772621448557116,0.0900919061712365,0.0833068339434959,0.0742826190046958,0.0880096486521199,0.073186685027008,0.136452021330287,0.0577168583033533,0.0671988029849543,0.110156503758327
N-Acetyl-alpha-D-glucosamine 1-phosphate,0.0823621009045307,0.0801535428090125,0.0815499375149482,0.087272796772823,0.08209082429068,0.0841031107523399,0.0887000117616186,0.0837850083328566,0.09566979017611,0.0716864849713685,0.0767521711008159,0.0858742206128961
Arbutin,0.068652293483693,0.0642861891617133,0.0717350793019298,0.0823390691959905,0.0840677153915689,0.0791018300796879,0.0908061485859212,0.0670574304177109,0.143913725581154,0.0540453944384889,0.0627186924010851,0.131276431961056
Resveratrol,0.0814807264029789,0.0776568787850545,0.08256332952543,0.0859808852908852,0.0831401306516395,0.0858525026145,0.0838695660942952,0.079156132171134,0.102001240063171,0.0680292632815342,0.0751340497952084,0.0951352953241692
beta-D-Fructose 6-phosphate,0.077076222662792,0.0740906010670833,0.0785501220208886,0.0864506226344826,0.0840585186972304,0.0843535385261164,0.092893966166521,0.0770363102823755,0.108570506460292,0.065348599540506,0.0726717458119563,0.0988992461297555
Mesaconate,0.0787539167859945,0.0742464803752988,0.0839733334808232,0.0932635998037601,0.092764436561421,0.0798266956920061,0.0956080514256695,0.0742951268705816,0.0999290226288821,0.0617823094129773,0.0747135387048154,0.0908434882577705
S-Glutathionyl-L-cysteine,0.0948200599818102,0.111612893483194,0.090203834875614,0.0787814815905047,0.0545965380395556,0.0534462789878133,0.054933725004038,0.10938047112488,0.050726789595593,0.1439980820474,0.114631638014853,0.0428682072547446
L-Carnitine,0.0992084317213814,0.10904971779934,0.0936058585652998,0.0824604508120782,0.0612342082805589,0.0616980281987474,0.0612459922358402,0.105015192990136,0.0548443009048674,0.114991936435446,0.109632642311768,0.0470132397445377
Cytosine,0.0890915176522259,0.0989350450696683,0.0934524683392843,0.0865312447068065,0.0604692229995623,0.0560374337904586,0.0588704577122967,0.104513690117971,0.063236349861464,0.127613259490866,0.107470821955901,0.053778488303495
L-Kynurenine,0.0899263907376902,0.10332082688407,0.0897544704008812,0.0782810828988537,0.0557715419337251,0.0548483610522112,0.0552431929635252,0.102012087730391,0.0547334659808616,0.155831680253446,0.113327423917448,0.0469494752468963
Deoxycytidine,0.0888176981747892,0.10189349418991,0.0928025018035365,0.0843504987918837,0.0532675542726914,0.0516099595781909,0.0535306621391954,0.112628899404031,0.0584976073092493,0.141449079608366,0.113782397943118,0.0473696467850392
Creatine,0.0876264695401843,0.101514147121748,0.0865996543423444,0.076550158511773,0.0543010710825388,0.0546799049668283,0.0550064640869099,0.101958353167722,0.0545464787607944,0.16886705673102,0.111857330041296,0.0464929116468409
Spermidine,0.0889543383977407,0.0998288372851838,0.0895033956479239,0.0806492774552558,0.0595148579779669,0.0582005075441052,0.0588725554680746,0.101208338031836,0.059990620904932,0.143567493859427,0.107609915573452,0.0520998618541016
L-Methionine,0.0978984576459095,0.108512319778245,0.0911510368011699,0.0799021143286287,0.0576835238881057,0.0637395739294866,0.0607100085055895,0.103525771355472,0.0571910570977174,0.121783734681054,0.109997621338055,0.047904780650567
Methyl beta-D-galactoside,0.090199130630106,0.100404743550631,0.0916028817074129,0.0821625989090948,0.060607613382185,0.0583553986451424,0.0591845872938713,0.1010480969915,0.0603379389465858,0.135331825269255,0.108284078376402,0.0524811062978132
beta-Alanine,0.0879989215742168,0.103316312765208,0.0859319348668969,0.0747866452840581,0.0521461799534746,0.0531666862293467,0.0530860302569984,0.102626612154214,0.051816923815006,0.176989684813979,0.114300062218693,0.0438340060679081
L-Lysine,0.097833521421783,0.106379765287918,0.0931874847945076,0.0827883904608596,0.0585066310171966,0.0648248301340728,0.0621754503836733,0.10255219272489,0.060395019073278,0.112114198565058,0.109449583735006,0.0497929324017574
3-Methylindole,0.0860238305979992,0.102407384391626,0.0855636532580465,0.07495161835668,0.0506394340759809,0.0497065753457535,0.0508864191216112,0.104761880459342,0.0511183743961841,0.188030040930547,0.112961120142391,0.0429496689238385
Betaine,0.0856382333258756,0.10030560926086,0.087028396263636,0.0781757256326618,0.0517344090949487,0.0511018268260762,0.0526009837805771,0.106691015319072,0.0551368755226328,0.17308925842747,0.112855421283426,0.0456422452627643
Cadaverine,0.0883098550466099,0.0993752992589833,0.0884002660970825,0.0799565575013206,0.058997541440598,0.0586099184058351,0.0591542788486496,0.100774587576805,0.0600417207886243,0.146753140992998,0.107624544079034,0.0520022899634592
Thymine,0.089477817675017,0.100508725949371,0.0892365508518417,0.0804434631819645,0.0596690677555293,0.0583593271960372,0.0589590251253361,0.102247611958657,0.0591806688430736,0.143320123382917,0.107138190627278,0.0514594274529763
L-Isoleucine,0.0877030228977037,0.100422605415409,0.089228519622243,0.0812849681088461,0.0565158239528972,0.0541366790960428,0.0562438256581639,0.105623230711986,0.0585679042873073,0.151713924786268,0.108908295346003,0.0496512001171307
1H-Indole-3-acetamide,0.0917458250055567,0.098811578789784,0.0964955242818762,0.0886522075689441,0.0620191594835384,0.0596612860875771,0.0612428698602193,0.100673252414527,0.0671950334036038,0.11065797987317,0.106516414266132,0.0563288689650707
L-Glutamine,0.0872620041066341,0.101246037747376,0.0879558531455683,0.0790610543082497,0.0539996160086247,0.0536010342845871,0.0552099441756579,0.104109603850419,0.0555588939272058,0.161096483305733,0.114314398787127,0.0465850763528171
L-Proline,0.09120563134153,0.101231394821412,0.0890986987106591,0.081208182957193,0.0587626171926517,0.0630608214908205,0.0622038528390574,0.101205336812011,0.0622460411639602,0.129363450296339,0.108118650990392,0.0522953213839732
L-Threonine,0.0989573378262034,0.110011856462731,0.0936678121265703,0.0797234225780098,0.0561920584553124,0.0612488956927096,0.0580997039081954,0.103017902319415,0.0547716333110094,0.122420891517855,0.116116618263035,0.0457718675389542
2-Aminobenzoic acid,0.0896576049458868,0.101023844293643,0.0915760614539173,0.0823584626682622,0.0588887045409189,0.0558016572951931,0.0573618698166468,0.103933551624983,0.0588618673253289,0.140586924019818,0.109295698880867,0.050653753134535
L-Leucine,0.087282391467316,0.0998325227049736,0.087704804720172,0.0794070549717631,0.0566017358481856,0.055617280924018,0.0569506414301896,0.102814022532097,0.0582356661266233,0.156899815494257,0.108884424207554,0.0497696395728512
1-Hexadecanol,0.0907554513972988,0.0989177929296465,0.097358713546229,0.0911880844458649,0.0628287581993643,0.0568020228287936,0.0611601542153502,0.101897530676216,0.0644594758347283,0.11136886999762,0.108845235599857,0.0544179103290306
L-Valine,0.0885881373006569,0.099652145433589,0.0894780339881397,0.0815779750536074,0.0593812908116444,0.0575572056141804,0.0590172622770491,0.1026845634841,0.0600858253097489,0.142387690719091,0.107755559993433,0.0518343100147606
Urocanic acid,0.090434950752738,0.0994162576934592,0.094532316531791,0.0859359767789672,0.0615928181688863,0.0575102391623821,0.0593172049315368,0.10235202366018,0.062887329252689,0.124156606428138,0.107761582552966,0.0541026940862657
O-Phosphoethanolamine,0.0915174462418639,0.10083565837712,0.0925264034281896,0.0827169267697839,0.0617817073667821,0.0600031163956858,0.0603035515347041,0.100579942735346,0.0600863478366699,0.128467840480468,0.108800937726129,0.0523801211072568
Sorbitol,0.0944163225488776,0.101660668389891,0.0932765446455902,0.0827571878753377,0.0640279690124402,0.0640119457618582,0.0621470474156283,0.100056543618525,0.0609810081946967,0.117655437657269,0.105483955617232,0.0535253692626538
Maleic acid,0.0876504810873982,0.0982483868960399,0.0901480311452146,0.0835384699319361,0.0593392293076607,0.0575923059634336,0.0599892381161401,0.101940972840159,0.0623855020510196,0.137007723777896,0.109087181449516,0.0530724774335856
myo-Inositol,0.0881316942641673,0.098283985034103,0.0893270133882157,0.0816813293256673,0.0604591821450488,0.0596280128270147,0.0608172079215401,0.0995078201716971,0.0621804935286052,0.13842842685074,0.107653675391283,0.0539011591519172
Palmitic acid,0.088883123811265,0.0991176150733221,0.0978674204399481,0.092602385284388,0.0558316151664563,0.0526471454113854,0.0565889132383953,0.108753859228433,0.0646788257828074,0.117209014136171,0.114789737753797,0.0510303446736309
Dihydroxyacetone phosphate,0.0921733470785051,0.106937903788559,0.088775242414492,0.0768009609461969,0.0545128092632808,0.0547652726983005,0.0543976137912861,0.105933919536111,0.0519903210923418,0.156217498323087,0.113169953205616,0.044325157862225
Oleic acid,0.0924500002898269,0.103317826946035,0.0953952121244424,0.0853914700493259,0.0600353607252894,0.0564041883322128,0.0591336411598844,0.101951324056751,0.0575090366170114,0.124168310833795,0.115171414329175,0.0490722145362508
Myristic acid,0.0895947469687594,0.103114760734626,0.0876081548688403,0.0772421370280298,0.0562430504602914,0.0559089101524319,0.0561483860633843,0.102525563228762,0.0546808534271257,0.159676003647338,0.110079557748092,0.0471778756723192
Pseudouridine,0.0890097187592196,0.0996745119556391,0.0937957332928991,0.0847042680147965,0.0572786488370937,0.0553213874950495,0.0569319663467612,0.103241716261043,0.0619162356970732,0.133885528302878,0.112551077127417,0.0516892079101298
1-Aminocyclopropanecarboxylic acid,0.0875340757074539,0.101174787663185,0.0890688872949378,0.0795795819472331,0.0533491848490868,0.0532486003790197,0.0543302569266186,0.104673251601948,0.0573368364192123,0.158774534403749,0.113368567899834,0.0475614349077212
Niacinamide,0.0889816926687857,0.0983541499728642,0.093675378283333,0.0862894237703984,0.0607037308186114,0.0571914463432829,0.0596754051441943,0.102045483170365,0.0633709599165625,0.126269721389505,0.109496241274889,0.0539463672472087
L-Pipecolic acid,0.0893900317448479,0.104611805673,0.087814805174176,0.0763298133919178,0.0515381349441287,0.053529500533305,0.0532114522417112,0.104083941859501,0.0534180744940423,0.165265817130982,0.116477180872066,0.0443294419403219
L-Asparagine,0.0891349434870932,0.10128470730756,0.0890742199311795,0.0798035917144009,0.0565846539519474,0.0561276290389652,0.0564738564979765,0.105066051634309,0.0578125085083841,0.15028884013003,0.10914978661382,0.0491992111843344
5-Methylcytosine,0.0897930201757667,0.0996016902204332,0.0927618864736916,0.0836755536923799,0.0604872960808398,0.0581582487172551,0.0595294262160818,0.10024731773126,0.0616745362604131,0.131030514887282,0.109911211322536,0.0531292982220614
2-Phenylacetamide,0.0872751401472281,0.101916081090351,0.086672358647675,0.0760618177138396,0.0521726280120345,0.0528542803900817,0.0530028239738524,0.103444672003892,0.0540608624593173,0.174396461034085,0.112769143479459,0.0453737310481837
Piperidine,0.087251437668233,0.0998973045119231,0.0876571756793115,0.0793400658310439,0.0564067798197769,0.0553905400854251,0.056715248949283,0.10313324927359,0.0581373917491582,0.157677393749626,0.108760065102899,0.0496333475797296
O-Acetylcarnitine,0.0886222531232684,0.0979337830095983,0.0893560973178108,0.082114611421155,0.0624254406665789,0.0609666237907179,0.0619767524931097,0.0996090425917403,0.0633208081314464,0.133300088608136,0.104785055936676,0.055589442909763
Acetylcholine,0.0887209477602362,0.103503659462104,0.0869253969928727,0.0753624038581143,0.0531329392426781,0.0539395393414653,0.0537168657094486,0.101671158584404,0.0525353433376499,0.171572563107661,0.114225637086194,0.0446935455171719
Sphinganine 1-phosphate,0.0896334171901601,0.100780288663958,0.0894962341337015,0.080617035291373,0.0599460034626664,0.0590693653303361,0.0601459363962482,0.0999192611485102,0.0587062984439758,0.140853257281527,0.109808583340091,0.0510243193174531
Glycerophosphocholine,0.0902389196130215,0.100566134402749,0.0933996475257823,0.08533515048232,0.0602432006529022,0.0559823461995298,0.0583106382571212,0.10538312819682,0.0608125009864502,0.129606588332287,0.10811031462089,0.0520114307301266
2-Hydroxycinnamic acid,0.0878936876853391,0.100953904184804,0.0873739437753444,0.0781119365774884,0.0554647062940858,0.0560451854003012,0.0566295803713728,0.101591587557089,0.0570227643397041,0.15940784450056,0.111032647841754,0.0484722114721573
