OTU_id	0	1	10	100	101	102	103	104	105	106	107	108	109	11	110	111	112	113	114	115	116	117	118	119	12	120	121	122	123	124	125	126	127	128	129	13	130	131	132	133	134	135	136	137	138	139	14	140	141	142	143	144	145	146	147	148	149	15	150	151	152	153	154	155	156	157	158	159	16	160	161	162	163	164	165	166	167	168	169	17	170	171	172	173	174	175	176	177	178	179	18	180	181	182	183	184	185	186	187	188	189	19	190	191	192	193	194	195	196	197	198	199	2	20	21	22	23	24	25	26	27	28	29	3	30	31	32	33	34	35	36	37	38	39	4	40	41	42	43	44	45	46	47	48	49	5	50	51	52	53	54	55	56	57	58	59	6	60	61	62	63	64	65	66	67	68	69	7	70	71	72	73	74	75	76	77	78	79	8	80	81	82	83	84	85	86	87	88	89	9	90	91	92	93	94	95	96	97	98	99
0	0.000	0.295	0.283	0.340	0.300	0.484	0.478	0.299	0.447	0.234	0.464	0.451	0.242	0.280	0.486	0.203	0.208	0.413	0.463	0.268	0.277	0.323	0.379	0.418	0.519	0.270	0.646	0.338	0.264	0.295	0.474	0.269	0.274	0.320	0.302	0.271	0.266	0.246	0.441	0.210	0.339	0.257	0.567	0.215	0.243	0.216	0.291	0.585	0.693	0.313	0.232	0.294	0.303	0.492	0.261	0.596	0.292	0.375	0.462	0.265	0.246	0.362	0.246	0.524	0.316	0.205	0.212	0.264	0.321	0.453	0.292	0.258	0.261	0.549	0.504	0.242	0.233	0.487	0.589	0.434	0.244	0.258	0.266	0.559	0.283	0.349	0.226	0.304	0.370	0.330	0.295	0.433	0.222	0.506	0.336	0.639	0.286	0.338	0.509	0.482	0.543	0.298	0.256	0.350	0.532	0.325	0.247	0.243	0.226	0.419	0.364	0.477	0.546	0.675	0.259	0.285	0.592	0.191	0.334	0.246	0.417	0.413	0.373	0.220	0.510	0.276	0.320	0.371	0.264	0.659	0.491	0.271	0.448	0.334	0.260	0.241	0.423	0.404	0.372	0.227	0.655	0.595	0.228	0.430	0.252	0.213	0.705	0.252	0.252	0.641	0.598	0.301	0.294	0.419	0.238	0.456	0.287	0.209	0.274	0.477	0.229	0.419	0.377	0.343	0.307	0.268	0.212	0.239	0.398	0.301	0.501	0.461	0.423	0.276	0.326	0.239	0.588	0.248	0.363	0.357	0.398	0.268	0.220	0.248	0.257	0.331	0.443	0.247	0.247	0.245	0.374	0.253	0.439	0.345	0.253	0.399	0.245	0.312	0.451	0.251
1	0.295	0.000	0.300	0.291	0.307	0.375	0.445	0.234	0.352	0.279	0.458	0.427	0.294	0.282	0.449	0.244	0.270	0.386	0.423	0.331	0.282	0.324	0.337	0.396	0.478	0.286	0.601	0.357	0.305	0.330	0.431	0.255	0.273	0.263	0.301	0.302	0.263	0.298	0.414	0.246	0.320	0.267	0.511	0.349	0.242	0.265	0.283	0.526	0.621	0.265	0.258	0.265	0.277	0.425	0.258	0.530	0.268	0.330	0.405	0.335	0.238	0.377	0.294	0.502	0.314	0.287	0.287	0.305	0.314	0.425	0.316	0.255	0.314	0.548	0.454	0.274	0.285	0.391	0.550	0.387	0.248	0.260	0.268	0.512	0.255	0.283	0.272	0.304	0.320	0.330	0.282	0.407	0.283	0.442	0.313	0.604	0.269	0.334	0.494	0.440	0.498	0.264	0.320	0.309	0.483	0.319	0.292	0.262	0.290	0.403	0.364	0.467	0.476	0.641	0.244	0.284	0.533	0.276	0.336	0.270	0.387	0.357	0.333	0.291	0.449	0.244	0.309	0.323	0.299	0.621	0.441	0.273	0.442	0.336	0.332	0.264	0.397	0.346	0.357	0.248	0.575	0.553	0.263	0.429	0.298	0.282	0.682	0.273	0.331	0.589	0.551	0.260	0.303	0.348	0.266	0.436	0.292	0.267	0.298	0.422	0.265	0.364	0.396	0.294	0.275	0.301	0.291	0.284	0.421	0.369	0.456	0.433	0.400	0.346	0.339	0.277	0.542	0.245	0.330	0.356	0.374	0.321	0.283	0.322	0.281	0.319	0.375	0.296	0.273	0.281	0.328	0.263	0.388	0.328	0.301	0.369	0.285	0.320	0.423	0.273
10	0.283	0.300	0.000	0.367	0.285	0.449	0.490	0.253	0.444	0.261	0.469	0.460	0.247	0.294	0.469	0.266	0.222	0.400	0.469	0.262	0.246	0.339	0.384	0.415	0.542	0.243	0.652	0.314	0.303	0.259	0.434	0.250	0.255	0.302	0.298	0.293	0.252	0.226	0.377	0.239	0.364	0.225	0.559	0.298	0.248	0.225	0.299	0.593	0.696	0.295	0.245	0.270	0.261	0.488	0.243	0.579	0.258	0.386	0.456	0.263	0.265	0.370	0.234	0.524	0.378	0.241	0.223	0.227	0.316	0.431	0.257	0.273	0.270	0.533	0.488	0.214	0.246	0.456	0.568	0.421	0.232	0.224	0.236	0.538	0.292	0.338	0.213	0.284	0.337	0.345	0.323	0.430	0.219	0.506	0.350	0.659	0.259	0.328	0.516	0.469	0.548	0.288	0.245	0.306	0.515	0.306	0.264	0.244	0.241	0.389	0.365	0.499	0.551	0.674	0.213	0.273	0.576	0.260	0.313	0.279	0.418	0.356	0.346	0.284	0.500	0.253	0.342	0.317	0.245	0.675	0.523	0.239	0.461	0.360	0.267	0.255	0.443	0.395	0.388	0.238	0.661	0.588	0.192	0.433	0.257	0.233	0.697	0.259	0.259	0.662	0.590	0.314	0.280	0.383	0.234	0.447	0.294	0.192	0.277	0.478	0.235	0.413	0.457	0.354	0.283	0.273	0.248	0.246	0.417	0.299	0.479	0.466	0.426	0.270	0.372	0.204	0.580	0.222	0.342	0.363	0.393	0.277	0.257	0.266	0.192	0.352	0.420	0.223	0.216	0.229	0.356	0.240	0.413	0.363	0.257	0.376	0.263	0.261	0.419	0.229
100	0.340	0.291	0.367	0.000	0.311	0.410	0.451	0.343	0.385	0.296	0.493	0.432	0.347	0.310	0.388	0.320	0.297	0.378	0.415	0.403	0.330	0.314	0.386	0.414	0.456	0.330	0.597	0.362	0.296	0.362	0.392	0.320	0.331	0.304	0.371	0.322	0.341	0.368	0.388	0.272	0.335	0.352	0.519	0.362	0.330	0.342	0.279	0.544	0.597	0.338	0.336	0.279	0.329	0.398	0.328	0.532	0.302	0.344	0.424	0.402	0.312	0.375	0.376	0.477	0.362	0.346	0.312	0.350	0.367	0.446	0.379	0.343	0.382	0.526	0.459	0.336	0.370	0.409	0.553	0.369	0.324	0.332	0.359	0.515	0.331	0.337	0.346	0.349	0.378	0.326	0.355	0.352	0.372	0.480	0.323	0.579	0.316	0.305	0.522	0.473	0.503	0.302	0.379	0.316	0.479	0.369	0.319	0.318	0.344	0.439	0.369	0.440	0.457	0.623	0.292	0.322	0.541	0.332	0.353	0.323	0.414	0.409	0.396	0.275	0.420	0.296	0.361	0.372	0.358	0.600	0.442	0.315	0.469	0.346	0.398	0.324	0.437	0.413	0.393	0.324	0.598	0.530	0.339	0.414	0.372	0.322	0.618	0.310	0.399	0.566	0.542	0.268	0.329	0.360	0.330	0.448	0.297	0.333	0.317	0.434	0.339	0.420	0.423	0.314	0.339	0.356	0.372	0.374	0.403	0.427	0.461	0.477	0.395	0.417	0.371	0.347	0.548	0.313	0.373	0.377	0.386	0.357	0.358	0.385	0.344	0.338	0.416	0.372	0.334	0.356	0.366	0.335	0.349	0.343	0.365	0.378	0.366	0.354	0.448	0.324
101	0.300	0.307	0.285	0.311	0.000	0.427	0.424	0.317	0.388	0.286	0.414	0.428	0.301	0.269	0.401	0.279	0.292	0.378	0.421	0.359	0.283	0.347	0.364	0.406	0.468	0.259	0.584	0.356	0.309	0.289	0.364	0.258	0.309	0.288	0.314	0.260	0.278	0.325	0.395	0.251	0.336	0.299	0.473	0.312	0.297	0.284	0.296	0.521	0.616	0.307	0.316	0.299	0.290	0.450	0.270	0.534	0.273	0.355	0.387	0.356	0.290	0.349	0.331	0.481	0.315	0.282	0.281	0.323	0.337	0.393	0.284	0.290	0.326	0.523	0.450	0.292	0.335	0.424	0.530	0.392	0.260	0.279	0.285	0.505	0.295	0.346	0.313	0.315	0.321	0.324	0.316	0.379	0.329	0.428	0.319	0.584	0.281	0.296	0.481	0.425	0.484	0.300	0.348	0.280	0.478	0.319	0.295	0.281	0.306	0.357	0.350	0.458	0.496	0.642	0.249	0.270	0.539	0.267	0.321	0.275	0.370	0.351	0.330	0.293	0.391	0.268	0.343	0.331	0.276	0.586	0.444	0.236	0.400	0.323	0.347	0.302	0.413	0.390	0.382	0.275	0.593	0.533	0.292	0.395	0.342	0.291	0.602	0.240	0.362	0.591	0.522	0.309	0.309	0.339	0.278	0.373	0.326	0.272	0.243	0.426	0.306	0.391	0.390	0.315	0.304	0.277	0.310	0.314	0.384	0.394	0.437	0.422	0.368	0.368	0.357	0.297	0.521	0.287	0.331	0.318	0.347	0.320	0.299	0.344	0.282	0.319	0.400	0.326	0.261	0.299	0.395	0.280	0.405	0.306	0.337	0.306	0.312	0.280	0.384	0.288
102	0.484	0.375	0.449	0.410	0.427	0.000	0.462	0.407	0.383	0.450	0.422	0.406	0.483	0.419	0.406	0.440	0.463	0.396	0.408	0.547	0.425	0.399	0.346	0.418	0.446	0.408	0.509	0.478	0.428	0.492	0.412	0.433	0.471	0.368	0.399	0.408	0.412	0.494	0.402	0.433	0.401	0.426	0.447	0.480	0.426	0.442	0.428	0.470	0.515	0.412	0.481	0.417	0.405	0.385	0.412	0.412	0.368	0.407	0.340	0.540	0.413	0.412	0.521	0.467	0.449	0.483	0.476	0.506	0.445	0.382	0.404	0.445	0.530	0.557	0.413	0.449	0.519	0.333	0.462	0.394	0.431	0.463	0.457	0.467	0.413	0.328	0.478	0.416	0.369	0.404	0.410	0.401	0.497	0.416	0.424	0.514	0.422	0.410	0.463	0.426	0.382	0.441	0.527	0.334	0.411	0.402	0.391	0.427	0.449	0.388	0.371	0.410	0.440	0.579	0.419	0.406	0.458	0.466	0.369	0.398	0.443	0.370	0.444	0.444	0.415	0.408	0.421	0.374	0.439	0.544	0.422	0.421	0.492	0.395	0.536	0.419	0.436	0.378	0.419	0.442	0.465	0.466	0.469	0.381	0.500	0.462	0.567	0.409	0.551	0.490	0.448	0.387	0.400	0.373	0.439	0.441	0.426	0.440	0.420	0.363	0.450	0.403	0.445	0.409	0.383	0.458	0.460	0.512	0.407	0.580	0.397	0.460	0.369	0.567	0.435	0.480	0.453	0.423	0.388	0.399	0.398	0.458	0.482	0.542	0.432	0.370	0.392	0.516	0.447	0.495	0.382	0.495	0.379	0.363	0.522	0.418	0.499	0.414	0.399	0.446
103	0.478	0.445	0.490	0.451	0.424	0.462	0.000	0.471	0.419	0.482	0.439	0.434	0.498	0.443	0.407	0.420	0.481	0.435	0.456	0.575	0.486	0.376	0.383	0.486	0.467	0.439	0.438	0.456	0.438	0.516	0.421	0.487	0.453	0.416	0.361	0.414	0.482	0.524	0.383	0.457	0.394	0.468	0.457	0.430	0.443	0.452	0.449	0.413	0.465	0.421	0.483	0.477	0.442	0.365	0.460	0.471	0.442	0.390	0.383	0.577	0.430	0.424	0.544	0.433	0.385	0.488	0.462	0.546	0.403	0.434	0.488	0.473	0.541	0.529	0.416	0.491	0.546	0.431	0.492	0.382	0.447	0.476	0.462	0.509	0.436	0.373	0.511	0.426	0.413	0.394	0.415	0.405	0.493	0.406	0.422	0.436	0.462	0.437	0.475	0.341	0.437	0.458	0.548	0.411	0.461	0.403	0.456	0.456	0.469	0.377	0.377	0.419	0.442	0.551	0.454	0.432	0.509	0.473	0.422	0.432	0.393	0.441	0.411	0.450	0.405	0.439	0.441	0.446	0.480	0.546	0.445	0.461	0.449	0.391	0.552	0.465	0.375	0.428	0.437	0.488	0.523	0.429	0.500	0.436	0.551	0.472	0.545	0.421	0.575	0.504	0.482	0.451	0.446	0.403	0.457	0.455	0.454	0.477	0.419	0.415	0.494	0.443	0.424	0.401	0.416	0.433	0.500	0.534	0.418	0.603	0.434	0.468	0.442	0.596	0.433	0.504	0.508	0.481	0.384	0.459	0.370	0.426	0.503	0.564	0.486	0.396	0.380	0.543	0.491	0.512	0.440	0.475	0.407	0.327	0.546	0.452	0.486	0.453	0.460	0.460
104	0.299	0.234	0.253	0.343	0.317	0.407	0.471	0.000	0.373	0.256	0.431	0.445	0.281	0.296	0.441	0.261	0.251	0.423	0.446	0.316	0.260	0.334	0.345	0.422	0.505	0.262	0.608	0.353	0.285	0.286	0.457	0.241	0.286	0.290	0.281	0.281	0.262	0.264	0.377	0.238	0.327	0.269	0.523	0.306	0.236	0.271	0.274	0.567	0.653	0.253	0.285	0.276	0.286	0.455	0.269	0.551	0.252	0.350	0.414	0.307	0.246	0.347	0.280	0.490	0.359	0.277	0.273	0.273	0.331	0.405	0.292	0.289	0.313	0.532	0.464	0.273	0.271	0.410	0.532	0.398	0.242	0.251	0.281	0.524	0.270	0.320	0.242	0.288	0.340	0.322	0.269	0.413	0.250	0.477	0.340	0.617	0.290	0.327	0.488	0.440	0.529	0.296	0.297	0.302	0.505	0.304	0.297	0.238	0.251	0.385	0.357	0.470	0.504	0.652	0.278	0.237	0.550	0.277	0.317	0.292	0.411	0.352	0.357	0.284	0.479	0.235	0.309	0.325	0.254	0.649	0.502	0.265	0.455	0.317	0.309	0.259	0.426	0.368	0.362	0.236	0.589	0.543	0.270	0.420	0.280	0.272	0.690	0.274	0.305	0.596	0.556	0.280	0.282	0.363	0.253	0.438	0.300	0.228	0.278	0.453	0.256	0.330	0.423	0.341	0.249	0.264	0.293	0.283	0.407	0.346	0.444	0.422	0.382	0.329	0.316	0.272	0.556	0.244	0.299	0.354	0.380	0.277	0.285	0.310	0.269	0.311	0.411	0.291	0.287	0.254	0.323	0.288	0.409	0.335	0.290	0.360	0.277	0.307	0.413	0.251
105	0.447	0.352	0.444	0.385	0.388	0.383	0.419	0.373	0.000	0.386	0.443	0.349	0.471	0.374	0.415	0.383	0.438	0.388	0.370	0.525	0.438	0.405	0.381	0.442	0.420	0.405	0.471	0.465	0.405	0.421	0.409	0.412	0.423	0.353	0.382	0.374	0.412	0.473	0.423	0.414	0.361	0.431	0.453	0.447	0.407	0.444	0.368	0.472	0.529	0.360	0.428	0.402	0.407	0.363	0.386	0.474	0.373	0.353	0.336	0.519	0.388	0.386	0.496	0.453	0.375	0.447	0.464	0.487	0.412	0.369	0.450	0.430	0.496	0.535	0.392	0.427	0.494	0.368	0.476	0.386	0.412	0.446	0.436	0.476	0.401	0.355	0.445	0.411	0.390	0.384	0.378	0.400	0.455	0.451	0.375	0.496	0.443	0.393	0.471	0.419	0.434	0.419	0.507	0.354	0.446	0.416	0.396	0.387	0.417	0.395	0.378	0.438	0.433	0.518	0.391	0.352	0.469	0.425	0.379	0.406	0.404	0.416	0.427	0.419	0.419	0.373	0.421	0.415	0.406	0.551	0.438	0.401	0.492	0.328	0.496	0.430	0.433	0.394	0.380	0.409	0.485	0.484	0.449	0.417	0.494	0.433	0.577	0.413	0.520	0.490	0.493	0.391	0.408	0.382	0.408	0.450	0.438	0.416	0.432	0.364	0.427	0.381	0.369	0.376	0.377	0.390	0.466	0.489	0.369	0.558	0.402	0.433	0.354	0.540	0.415	0.455	0.478	0.428	0.381	0.376	0.395	0.432	0.465	0.518	0.449	0.347	0.406	0.500	0.441	0.436	0.408	0.454	0.360	0.337	0.489	0.388	0.475	0.380	0.416	0.410
106	0.234	0.279	0.261	0.296	0.286	0.450	0.482	0.256	0.386	0.000	0.482	0.447	0.221	0.249	0.449	0.236	0.171	0.395	0.428	0.274	0.233	0.309	0.362	0.396	0.514	0.239	0.630	0.347	0.252	0.234	0.434	0.237	0.230	0.298	0.292	0.267	0.215	0.249	0.399	0.199	0.321	0.265	0.555	0.291	0.240	0.225	0.249	0.587	0.677	0.287	0.249	0.232	0.302	0.444	0.222	0.589	0.262	0.347	0.430	0.267	0.264	0.352	0.228	0.511	0.319	0.247	0.227	0.214	0.332	0.446	0.285	0.281	0.243	0.522	0.466	0.224	0.238	0.446	0.582	0.423	0.244	0.241	0.255	0.541	0.282	0.347	0.211	0.278	0.332	0.295	0.316	0.404	0.245	0.505	0.299	0.626	0.274	0.306	0.500	0.479	0.544	0.294	0.252	0.314	0.505	0.312	0.273	0.242	0.227	0.400	0.353	0.470	0.525	0.651	0.233	0.233	0.580	0.212	0.337	0.222	0.425	0.390	0.371	0.233	0.493	0.260	0.290	0.340	0.248	0.653	0.517	0.250	0.428	0.276	0.259	0.208	0.440	0.396	0.387	0.193	0.637	0.575	0.240	0.415	0.247	0.216	0.685	0.242	0.269	0.631	0.565	0.270	0.265	0.379	0.215	0.473	0.283	0.197	0.278	0.446	0.225	0.389	0.408	0.336	0.307	0.258	0.250	0.242	0.394	0.299	0.472	0.478	0.383	0.276	0.325	0.224	0.578	0.216	0.358	0.345	0.411	0.278	0.245	0.254	0.239	0.292	0.420	0.247	0.246	0.220	0.358	0.220	0.397	0.338	0.240	0.336	0.240	0.265	0.435	0.241
107	0.464	0.458	0.469	0.493	0.414	0.422	0.439	0.431	0.443	0.482	0.000	0.397	0.484	0.414	0.409	0.454	0.486	0.451	0.436	0.560	0.451	0.446	0.383	0.464	0.378	0.408	0.522	0.458	0.445	0.526	0.425	0.452	0.474	0.391	0.404	0.419	0.455	0.526	0.406	0.439	0.335	0.466	0.415	0.449	0.443	0.479	0.450	0.433	0.512	0.424	0.492	0.468	0.419	0.468	0.436	0.461	0.416	0.402	0.387	0.562	0.409	0.390	0.537	0.346	0.390	0.455	0.482	0.538	0.390	0.407	0.425	0.446	0.546	0.505	0.392	0.479	0.533	0.473	0.402	0.424	0.426	0.460	0.462	0.471	0.403	0.399	0.509	0.405	0.421	0.364	0.394	0.418	0.486	0.418	0.393	0.501	0.461	0.398	0.465	0.374	0.431	0.478	0.542	0.370	0.446	0.365	0.405	0.451	0.472	0.359	0.402	0.358	0.468	0.554	0.454	0.395	0.471	0.452	0.366	0.432	0.368	0.437	0.446	0.431	0.426	0.413	0.416	0.414	0.445	0.540	0.430	0.442	0.468	0.436	0.561	0.448	0.399	0.395	0.384	0.464	0.520	0.436	0.474	0.358	0.532	0.492	0.525	0.408	0.557	0.460	0.431	0.401	0.443	0.419	0.437	0.361	0.462	0.452	0.421	0.429	0.455	0.440	0.423	0.420	0.398	0.395	0.489	0.541	0.363	0.599	0.449	0.394	0.384	0.579	0.430	0.499	0.432	0.456	0.404	0.412	0.402	0.441	0.491	0.557	0.472	0.411	0.430	0.530	0.449	0.495	0.476	0.509	0.476	0.363	0.538	0.429	0.483	0.434	0.406	0.463
108	0.451	0.427	0.460	0.432	0.428	0.406	0.434	0.445	0.349	0.447	0.397	0.000	0.483	0.415	0.405	0.440	0.478	0.448	0.407	0.562	0.463	0.442	0.396	0.395	0.424	0.421	0.486	0.415	0.410	0.489	0.425	0.449	0.440	0.391	0.408	0.402	0.422	0.519	0.434	0.435	0.346	0.468	0.394	0.462	0.456	0.470	0.401	0.386	0.544	0.415	0.478	0.452	0.414	0.389	0.457	0.489	0.385	0.392	0.405	0.554	0.424	0.374	0.526	0.429	0.412	0.484	0.483	0.520	0.432	0.384	0.463	0.452	0.540	0.525	0.406	0.451	0.529	0.360	0.501	0.378	0.430	0.454	0.477	0.473	0.425	0.374	0.488	0.393	0.426	0.369	0.392	0.402	0.491	0.440	0.394	0.505	0.489	0.415	0.483	0.446	0.436	0.439	0.542	0.359	0.473	0.395	0.392	0.418	0.449	0.398	0.361	0.403	0.456	0.562	0.421	0.421	0.457	0.431	0.345	0.432	0.390	0.451	0.468	0.437	0.452	0.420	0.426	0.449	0.438	0.560	0.456	0.449	0.493	0.384	0.540	0.438	0.431	0.406	0.386	0.453	0.487	0.509	0.480	0.402	0.533	0.454	0.544	0.414	0.551	0.494	0.468	0.419	0.440	0.431	0.418	0.350	0.444	0.458	0.444	0.438	0.465	0.422	0.400	0.373	0.396	0.429	0.472	0.526	0.343	0.593	0.467	0.346	0.371	0.576	0.422	0.501	0.482	0.441	0.418	0.370	0.410	0.448	0.504	0.551	0.474	0.400	0.393	0.530	0.452	0.488	0.466	0.501	0.386	0.328	0.529	0.449	0.503	0.411	0.467	0.432
109	0.242	0.294	0.247	0.347	0.301	0.483	0.498	0.281	0.471	0.221	0.484	0.483	0.000	0.281	0.481	0.259	0.186	0.432	0.483	0.226	0.230	0.367	0.400	0.406	0.534	0.242	0.667	0.334	0.291	0.273	0.483	0.255	0.210	0.317	0.335	0.294	0.251	0.203	0.423	0.222	0.366	0.257	0.578	0.289	0.230	0.209	0.295	0.612	0.728	0.312	0.213	0.268	0.294	0.499	0.256	0.621	0.298	0.363	0.477	0.217	0.267	0.379	0.207	0.549	0.347	0.238	0.213	0.209	0.346	0.480	0.231	0.282	0.217	0.560	0.505	0.231	0.194	0.481	0.622	0.445	0.230	0.187	0.228	0.574	0.278	0.374	0.192	0.276	0.334	0.342	0.319	0.442	0.234	0.506	0.307	0.663	0.257	0.321	0.534	0.511	0.568	0.301	0.202	0.363	0.541	0.312	0.294	0.292	0.230	0.426	0.392	0.503	0.566	0.709	0.225	0.281	0.621	0.231	0.372	0.242	0.430	0.381	0.347	0.250	0.528	0.277	0.326	0.337	0.263	0.686	0.536	0.251	0.459	0.361	0.210	0.208	0.461	0.414	0.420	0.203	0.687	0.627	0.204	0.453	0.213	0.203	0.729	0.271	0.224	0.670	0.593	0.298	0.288	0.419	0.222	0.465	0.316	0.201	0.247	0.490	0.196	0.436	0.452	0.359	0.301	0.278	0.234	0.211	0.433	0.264	0.522	0.499	0.409	0.238	0.346	0.204	0.589	0.214	0.361	0.400	0.425	0.286	0.236	0.211	0.244	0.366	0.454	0.215	0.205	0.224	0.409	0.216	0.442	0.358	0.203	0.401	0.224	0.298	0.455	0.222
11	0.280	0.282	0.294	0.310	0.269	0.419	0.443	0.296	0.374	0.249	0.414	0.415	0.281	0.000	0.434	0.266	0.254	0.373	0.405	0.336	0.263	0.311	0.336	0.374	0.460	0.269	0.600	0.341	0.288	0.328	0.416	0.299	0.289	0.311	0.290	0.279	0.279	0.318	0.377	0.263	0.297	0.263	0.479	0.288	0.282	0.294	0.285	0.508	0.607	0.326	0.299	0.266	0.314	0.435	0.231	0.516	0.268	0.340	0.401	0.342	0.252	0.340	0.301	0.458	0.305	0.282	0.267	0.313	0.316	0.426	0.273	0.301	0.322	0.522	0.427	0.239	0.315	0.407	0.519	0.398	0.264	0.261	0.302	0.483	0.306	0.339	0.275	0.284	0.343	0.313	0.301	0.380	0.307	0.459	0.268	0.571	0.247	0.307	0.481	0.451	0.480	0.270	0.324	0.327	0.475	0.318	0.262	0.277	0.295	0.377	0.312	0.431	0.475	0.600	0.219	0.261	0.541	0.279	0.312	0.259	0.370	0.386	0.341	0.260	0.427	0.290	0.300	0.334	0.293	0.615	0.450	0.283	0.428	0.309	0.339	0.261	0.345	0.377	0.352	0.256	0.586	0.526	0.266	0.383	0.315	0.264	0.646	0.276	0.348	0.587	0.516	0.271	0.286	0.356	0.257	0.428	0.301	0.258	0.275	0.423	0.286	0.390	0.401	0.297	0.303	0.279	0.299	0.307	0.381	0.383	0.426	0.414	0.339	0.364	0.298	0.282	0.517	0.248	0.312	0.340	0.371	0.328	0.275	0.336	0.273	0.306	0.418	0.316	0.260	0.299	0.379	0.295	0.387	0.302	0.303	0.333	0.287	0.298	0.389	0.262
110	0.486	0.449	0.469	0.388	0.401	0.406	0.407	0.441	0.415	0.449	0.409	0.405	0.481	0.434	0.000	0.441	0.465	0.424	0.401	0.583	0.454	0.381	0.393	0.462	0.405	0.431	0.499	0.421	0.412	0.507	0.381	0.429	0.426	0.411	0.428	0.413	0.431	0.523	0.374	0.423	0.385	0.475	0.399	0.468	0.458	0.461	0.388	0.404	0.482	0.377	0.495	0.441	0.410	0.383	0.455	0.402	0.395	0.369	0.377	0.574	0.412	0.392	0.550	0.431	0.397	0.478	0.477	0.519	0.418	0.379	0.456	0.445	0.548	0.458	0.364	0.486	0.543	0.389	0.466	0.373	0.453	0.477	0.489	0.477	0.421	0.355	0.507	0.378	0.379	0.367	0.391	0.291	0.522	0.433	0.408	0.428	0.458	0.369	0.445	0.397	0.436	0.450	0.555	0.371	0.438	0.368	0.389	0.448	0.474	0.361	0.393	0.334	0.451	0.529	0.450	0.394	0.449	0.464	0.349	0.432	0.422	0.415	0.411	0.422	0.385	0.411	0.419	0.440	0.487	0.507	0.452	0.436	0.476	0.367	0.553	0.438	0.431	0.410	0.374	0.478	0.468	0.377	0.504	0.373	0.552	0.493	0.514	0.381	0.581	0.431	0.445	0.388	0.406	0.369	0.441	0.367	0.428	0.473	0.412	0.386	0.481	0.412	0.435	0.393	0.388	0.437	0.496	0.543	0.371	0.604	0.410	0.435	0.408	0.594	0.428	0.513	0.410	0.475	0.403	0.426	0.343	0.449	0.503	0.563	0.469	0.383	0.384	0.534	0.453	0.519	0.406	0.492	0.355	0.336	0.540	0.438	0.518	0.397	0.421	0.456
111	0.203	0.244	0.266	0.320	0.279	0.440	0.420	0.261	0.383	0.236	0.454	0.440	0.259	0.266	0.441	0.000	0.217	0.391	0.443	0.298	0.271	0.281	0.339	0.416	0.484	0.247	0.608	0.337	0.274	0.297	0.433	0.243	0.284	0.301	0.279	0.262	0.270	0.273	0.377	0.212	0.333	0.263	0.538	0.258	0.228	0.232	0.268	0.554	0.637	0.274	0.202	0.245	0.288	0.422	0.263	0.552	0.268	0.340	0.409	0.300	0.246	0.334	0.266	0.492	0.310	0.247	0.219	0.288	0.309	0.406	0.302	0.247	0.289	0.544	0.450	0.262	0.258	0.446	0.558	0.407	0.210	0.248	0.272	0.536	0.286	0.310	0.248	0.295	0.335	0.336	0.283	0.382	0.241	0.467	0.338	0.594	0.262	0.319	0.507	0.431	0.518	0.303	0.291	0.312	0.499	0.307	0.270	0.226	0.237	0.395	0.335	0.463	0.507	0.652	0.251	0.260	0.544	0.243	0.293	0.270	0.403	0.383	0.335	0.246	0.458	0.238	0.323	0.314	0.254	0.629	0.464	0.245	0.432	0.318	0.290	0.237	0.406	0.359	0.373	0.197	0.609	0.550	0.248	0.394	0.266	0.236	0.678	0.258	0.296	0.609	0.556	0.284	0.272	0.384	0.237	0.440	0.293	0.196	0.258	0.427	0.257	0.377	0.360	0.325	0.298	0.264	0.245	0.269	0.375	0.337	0.455	0.463	0.391	0.314	0.300	0.261	0.549	0.230	0.327	0.359	0.350	0.262	0.246	0.296	0.256	0.279	0.388	0.273	0.262	0.264	0.329	0.264	0.378	0.313	0.268	0.356	0.260	0.277	0.411	0.249
112	0.208	0.270	0.222	0.297	0.292	0.463	0.481	0.251	0.438	0.171	0.486	0.478	0.186	0.254	0.465	0.217	0.000	0.402	0.468	0.223	0.222	0.313	0.373	0.414	0.514	0.237	0.651	0.316	0.248	0.253	0.450	0.248	0.232	0.300	0.282	0.271	0.255	0.207	0.391	0.189	0.343	0.237	0.579	0.269	0.201	0.193	0.256	0.605	0.701	0.278	0.197	0.215	0.280	0.463	0.217	0.595	0.262	0.360	0.453	0.222	0.236	0.352	0.190	0.523	0.343	0.214	0.190	0.180	0.329	0.453	0.253	0.254	0.211	0.564	0.494	0.207	0.185	0.460	0.592	0.420	0.224	0.207	0.233	0.554	0.274	0.347	0.181	0.270	0.348	0.334	0.309	0.413	0.199	0.521	0.330	0.648	0.258	0.323	0.526	0.481	0.552	0.265	0.204	0.327	0.518	0.319	0.259	0.239	0.213	0.414	0.367	0.483	0.550	0.699	0.217	0.249	0.604	0.216	0.340	0.221	0.421	0.396	0.349	0.194	0.509	0.245	0.312	0.339	0.241	0.665	0.513	0.248	0.445	0.322	0.218	0.202	0.429	0.390	0.398	0.192	0.667	0.592	0.179	0.439	0.215	0.192	0.707	0.239	0.225	0.664	0.589	0.253	0.286	0.393	0.197	0.462	0.247	0.163	0.255	0.484	0.181	0.408	0.433	0.341	0.288	0.274	0.221	0.213	0.423	0.259	0.492	0.487	0.414	0.237	0.320	0.184	0.592	0.201	0.359	0.376	0.397	0.271	0.204	0.215	0.218	0.339	0.435	0.207	0.207	0.216	0.334	0.200	0.418	0.348	0.189	0.352	0.209	0.281	0.457	0.226
113	0.413	0.386	0.400	0.378	0.378	0.396	0.435	0.423	0.388	0.395	0.451	0.448	0.432	0.373	0.424	0.391	0.402	0.000	0.372	0.497	0.415	0.335	0.367	0.424	0.454	0.395	0.561	0.404	0.404	0.450	0.360	0.419	0.395	0.373	0.348	0.371	0.424	0.459	0.417	0.384	0.380	0.406	0.440	0.395	0.399	0.404	0.411	0.492	0.579	0.388	0.422	0.377	0.362	0.429	0.352	0.478	0.341	0.420	0.385	0.504	0.379	0.386	0.463	0.448	0.366	0.399	0.417	0.457	0.305	0.405	0.410	0.392	0.480	0.521	0.428	0.411	0.470	0.409	0.463	0.363	0.384	0.423	0.427	0.431	0.398	0.308	0.419	0.376	0.355	0.381	0.402	0.387	0.442	0.415	0.400	0.520	0.393	0.355	0.448	0.424	0.429	0.385	0.479	0.378	0.496	0.352	0.350	0.413	0.421	0.393	0.392	0.392	0.445	0.543	0.342	0.371	0.542	0.421	0.392	0.393	0.406	0.425	0.394	0.370	0.365	0.381	0.414	0.349	0.423	0.552	0.350	0.383	0.505	0.379	0.499	0.379	0.418	0.389	0.376	0.412	0.542	0.496	0.410	0.400	0.474	0.420	0.609	0.387	0.496	0.529	0.473	0.348	0.340	0.335	0.409	0.430	0.380	0.407	0.399	0.346	0.392	0.416	0.372	0.318	0.361	0.408	0.438	0.465	0.380	0.538	0.336	0.480	0.421	0.517	0.421	0.431	0.517	0.408	0.407	0.365	0.369	0.437	0.442	0.488	0.364	0.374	0.325	0.461	0.405	0.444	0.361	0.431	0.363	0.347	0.473	0.408	0.438	0.387	0.425	0.385
114	0.463	0.423	0.469	0.415	0.421	0.408	0.456	0.446	0.370	0.428	0.436	0.407	0.483	0.405	0.401	0.443	0.468	0.372	0.000	0.563	0.436	0.379	0.374	0.396	0.417	0.456	0.541	0.476	0.392	0.470	0.371	0.457	0.439	0.381	0.398	0.412	0.430	0.513	0.446	0.440	0.403	0.449	0.422	0.454	0.446	0.467	0.439	0.452	0.513	0.390	0.485	0.407	0.440	0.394	0.426	0.472	0.416	0.397	0.378	0.559	0.409	0.395	0.518	0.440	0.388	0.468	0.485	0.504	0.428	0.417	0.442	0.464	0.538	0.431	0.408	0.450	0.528	0.401	0.485	0.368	0.435	0.465	0.490	0.408	0.437	0.381	0.485	0.357	0.371	0.349	0.427	0.359	0.490	0.479	0.384	0.500	0.461	0.377	0.468	0.443	0.449	0.433	0.537	0.361	0.469	0.378	0.389	0.444	0.474	0.389	0.409	0.353	0.411	0.479	0.437	0.428	0.523	0.444	0.406	0.422	0.403	0.420	0.388	0.408	0.405	0.425	0.434	0.454	0.444	0.538	0.400	0.426	0.506	0.422	0.557	0.407	0.458	0.428	0.407	0.458	0.525	0.485	0.495	0.412	0.533	0.471	0.569	0.418	0.559	0.463	0.486	0.381	0.387	0.408	0.439	0.446	0.395	0.468	0.448	0.365	0.460	0.407	0.385	0.371	0.387	0.429	0.492	0.532	0.357	0.594	0.390	0.456	0.446	0.578	0.434	0.499	0.479	0.452	0.442	0.355	0.422	0.477	0.503	0.547	0.475	0.359	0.417	0.524	0.458	0.486	0.429	0.486	0.394	0.322	0.529	0.414	0.478	0.425	0.411	0.439
115	0.268	0.331	0.262	0.403	0.359	0.547	0.575	0.316	0.525	0.274	0.560	0.562	0.226	0.336	0.583	0.298	0.223	0.497	0.563	0.000	0.259	0.421	0.470	0.472	0.610	0.305	0.746	0.393	0.351	0.282	0.558	0.288	0.296	0.383	0.382	0.367	0.298	0.185	0.495	0.267	0.444	0.262	0.669	0.325	0.268	0.246	0.340	0.692	0.793	0.386	0.234	0.305	0.358	0.584	0.284	0.685	0.351	0.464	0.550	0.153	0.321	0.456	0.161	0.625	0.435	0.251	0.237	0.202	0.397	0.550	0.307	0.307	0.162	0.633	0.590	0.234	0.136	0.558	0.686	0.529	0.262	0.237	0.241	0.642	0.340	0.443	0.200	0.385	0.431	0.426	0.385	0.524	0.210	0.591	0.405	0.759	0.297	0.406	0.622	0.577	0.647	0.332	0.152	0.416	0.612	0.402	0.351	0.309	0.272	0.521	0.453	0.593	0.634	0.780	0.267	0.342	0.699	0.272	0.420	0.311	0.516	0.464	0.422	0.312	0.604	0.323	0.399	0.381	0.273	0.764	0.608	0.302	0.511	0.422	0.192	0.284	0.516	0.485	0.495	0.231	0.767	0.692	0.201	0.529	0.178	0.221	0.809	0.339	0.146	0.767	0.694	0.358	0.353	0.485	0.271	0.545	0.358	0.218	0.317	0.577	0.227	0.509	0.522	0.448	0.376	0.329	0.229	0.171	0.536	0.152	0.590	0.559	0.480	0.125	0.420	0.171	0.678	0.239	0.429	0.448	0.503	0.314	0.217	0.158	0.247	0.433	0.539	0.155	0.238	0.206	0.442	0.227	0.521	0.453	0.149	0.452	0.233	0.362	0.535	0.281
116	0.277	0.282	0.246	0.330	0.283	0.425	0.486	0.260	0.438	0.233	0.451	0.463	0.230	0.263	0.454	0.271	0.222	0.415	0.436	0.259	0.000	0.337	0.354	0.378	0.497	0.240	0.648	0.348	0.245	0.282	0.444	0.244	0.247	0.283	0.303	0.262	0.234	0.218	0.395	0.207	0.345	0.240	0.556	0.302	0.214	0.216	0.256	0.556	0.673	0.292	0.246	0.238	0.309	0.487	0.230	0.569	0.280	0.387	0.439	0.241	0.257	0.367	0.236	0.545	0.347	0.225	0.241	0.229	0.335	0.436	0.231	0.247	0.232	0.537	0.485	0.235	0.234	0.442	0.566	0.419	0.230	0.179	0.208	0.533	0.278	0.360	0.227	0.293	0.312	0.312	0.303	0.410	0.248	0.482	0.320	0.644	0.272	0.307	0.529	0.486	0.533	0.250	0.247	0.310	0.536	0.280	0.280	0.267	0.242	0.412	0.331	0.458	0.527	0.683	0.226	0.238	0.601	0.231	0.308	0.271	0.446	0.371	0.319	0.238	0.488	0.277	0.328	0.313	0.224	0.659	0.514	0.272	0.434	0.321	0.263	0.224	0.445	0.382	0.388	0.200	0.658	0.566	0.228	0.407	0.238	0.239	0.713	0.260	0.273	0.651	0.563	0.265	0.270	0.369	0.232	0.427	0.308	0.217	0.225	0.470	0.224	0.427	0.424	0.339	0.296	0.270	0.238	0.229	0.424	0.280	0.494	0.475	0.388	0.279	0.357	0.215	0.576	0.184	0.335	0.358	0.409	0.267	0.243	0.241	0.218	0.338	0.430	0.206	0.197	0.222	0.368	0.229	0.424	0.339	0.238	0.354	0.239	0.294	0.451	0.267
117	0.323	0.324	0.339	0.314	0.347	0.399	0.376	0.334	0.405	0.309	0.446	0.442	0.367	0.311	0.381	0.281	0.313	0.335	0.379	0.421	0.337	0.000	0.283	0.401	0.472	0.320	0.589	0.359	0.287	0.387	0.351	0.352	0.334	0.325	0.298	0.313	0.319	0.389	0.322	0.293	0.311	0.348	0.479	0.317	0.302	0.315	0.340	0.492	0.555	0.298	0.355	0.313	0.337	0.390	0.319	0.480	0.305	0.320	0.357	0.425	0.279	0.360	0.395	0.427	0.307	0.336	0.310	0.387	0.313	0.364	0.360	0.308	0.408	0.458	0.401	0.342	0.386	0.400	0.475	0.324	0.337	0.346	0.365	0.481	0.351	0.262	0.352	0.315	0.331	0.326	0.312	0.331	0.364	0.450	0.337	0.509	0.320	0.301	0.442	0.364	0.441	0.345	0.399	0.320	0.448	0.289	0.285	0.333	0.349	0.340	0.307	0.393	0.443	0.555	0.315	0.318	0.501	0.354	0.304	0.319	0.391	0.376	0.346	0.286	0.406	0.300	0.303	0.335	0.371	0.536	0.414	0.338	0.447	0.360	0.425	0.309	0.362	0.359	0.337	0.337	0.549	0.449	0.357	0.352	0.395	0.348	0.596	0.290	0.438	0.530	0.499	0.319	0.242	0.336	0.330	0.432	0.280	0.320	0.318	0.393	0.355	0.337	0.381	0.300	0.289	0.343	0.355	0.394	0.369	0.458	0.404	0.474	0.407	0.445	0.350	0.363	0.520	0.328	0.362	0.339	0.341	0.353	0.338	0.423	0.336	0.266	0.352	0.388	0.359	0.382	0.260	0.354	0.367	0.300	0.393	0.378	0.362	0.351	0.369	0.329
118	0.379	0.337	0.384	0.386	0.364	0.346	0.383	0.345	0.381	0.362	0.383	0.396	0.400	0.336	0.393	0.339	0.373	0.367	0.374	0.470	0.354	0.283	0.000	0.400	0.458	0.346	0.550	0.379	0.324	0.434	0.355	0.397	0.357	0.345	0.327	0.338	0.368	0.427	0.372	0.354	0.333	0.376	0.433	0.348	0.346	0.378	0.363	0.448	0.551	0.355	0.396	0.359	0.381	0.341	0.359	0.454	0.315	0.357	0.339	0.465	0.319	0.373	0.439	0.453	0.349	0.389	0.385	0.441	0.340	0.354	0.355	0.382	0.436	0.496	0.375	0.371	0.426	0.415	0.464	0.363	0.365	0.373	0.379	0.415	0.355	0.267	0.403	0.324	0.304	0.339	0.318	0.342	0.407	0.411	0.367	0.507	0.395	0.317	0.427	0.393	0.423	0.374	0.452	0.285	0.456	0.302	0.339	0.357	0.374	0.323	0.305	0.396	0.446	0.580	0.375	0.353	0.444	0.387	0.317	0.353	0.395	0.403	0.356	0.333	0.440	0.329	0.364	0.344	0.376	0.515	0.375	0.401	0.404	0.350	0.463	0.348	0.419	0.352	0.343	0.363	0.524	0.485	0.388	0.326	0.442	0.388	0.568	0.310	0.484	0.498	0.449	0.338	0.334	0.277	0.371	0.414	0.365	0.369	0.343	0.397	0.384	0.347	0.371	0.304	0.313	0.367	0.410	0.431	0.356	0.502	0.414	0.425	0.342	0.490	0.371	0.402	0.521	0.364	0.332	0.330	0.374	0.388	0.375	0.467	0.376	0.343	0.357	0.436	0.374	0.416	0.313	0.392	0.374	0.274	0.427	0.380	0.402	0.376	0.382	0.400
119	0.418	0.396	0.415	0.414	0.406	0.418	0.486	0.422	0.442	0.396	0.464	0.395	0.406	0.374	0.462	0.416	0.414	0.424	0.396	0.472	0.378	0.401	0.400	0.000	0.413	0.396	0.612	0.452	0.413	0.441	0.409	0.416	0.407	0.358	0.395	0.399	0.411	0.444	0.442	0.384	0.376	0.410	0.516	0.417	0.394	0.397	0.393	0.484	0.603	0.414	0.429	0.391	0.391	0.490	0.399	0.488	0.398	0.439	0.445	0.474	0.386	0.437	0.443	0.510	0.422	0.420	0.426	0.444	0.420	0.448	0.388	0.431	0.454	0.548	0.466	0.377	0.447	0.411	0.583	0.413	0.408	0.400	0.406	0.508	0.398	0.389	0.417	0.366	0.371	0.392	0.397	0.433	0.430	0.468	0.408	0.597	0.431	0.398	0.520	0.485	0.497	0.392	0.455	0.361	0.528	0.371	0.398	0.415	0.400	0.453	0.358	0.442	0.428	0.617	0.355	0.391	0.570	0.407	0.386	0.395	0.431	0.446	0.425	0.415	0.488	0.372	0.414	0.412	0.404	0.579	0.479	0.375	0.491	0.407	0.473	0.389	0.465	0.429	0.419	0.387	0.595	0.540	0.415	0.423	0.452	0.372	0.646	0.399	0.476	0.595	0.499	0.379	0.402	0.426	0.413	0.451	0.409	0.398	0.398	0.469	0.396	0.462	0.428	0.364	0.362	0.428	0.407	0.449	0.415	0.505	0.473	0.491	0.411	0.491	0.411	0.429	0.554	0.370	0.422	0.386	0.460	0.397	0.446	0.466	0.418	0.403	0.456	0.441	0.402	0.433	0.461	0.425	0.445	0.369	0.449	0.415	0.419	0.419	0.455	0.345
12	0.519	0.478	0.542	0.456	0.468	0.446	0.467	0.505	0.420	0.514	0.378	0.424	0.534	0.460	0.405	0.484	0.514	0.454	0.417	0.610	0.497	0.472	0.458	0.413	0.000	0.506	0.505	0.530	0.484	0.563	0.445	0.503	0.523	0.447	0.444	0.470	0.530	0.581	0.451	0.471	0.444	0.535	0.449	0.509	0.507	0.529	0.476	0.451	0.428	0.447	0.524	0.496	0.470	0.473	0.497	0.481	0.493	0.460	0.430	0.614	0.449	0.465	0.591	0.447	0.457	0.518	0.537	0.560	0.483	0.445	0.507	0.513	0.590	0.552	0.457	0.519	0.590	0.449	0.534	0.448	0.488	0.525	0.528	0.464	0.470	0.447	0.547	0.458	0.466	0.433	0.457	0.434	0.551	0.509	0.458	0.495	0.533	0.445	0.506	0.448	0.488	0.498	0.597	0.404	0.530	0.462	0.473	0.497	0.528	0.457	0.442	0.368	0.452	0.556	0.485	0.478	0.484	0.511	0.409	0.484	0.408	0.517	0.462	0.478	0.426	0.472	0.482	0.475	0.496	0.507	0.441	0.483	0.509	0.466	0.608	0.506	0.483	0.464	0.445	0.508	0.552	0.445	0.545	0.439	0.589	0.521	0.540	0.486	0.610	0.473	0.440	0.410	0.491	0.462	0.498	0.423	0.472	0.530	0.476	0.441	0.513	0.494	0.432	0.449	0.462	0.511	0.544	0.591	0.417	0.642	0.450	0.508	0.436	0.632	0.479	0.565	0.448	0.506	0.448	0.443	0.430	0.513	0.560	0.603	0.546	0.441	0.444	0.587	0.512	0.558	0.498	0.551	0.451	0.419	0.580	0.484	0.540	0.473	0.507	0.481
120	0.270	0.286	0.243	0.330	0.259	0.408	0.439	0.262	0.405	0.239	0.408	0.421	0.242	0.269	0.431	0.247	0.237	0.395	0.456	0.305	0.240	0.320	0.346	0.396	0.506	0.000	0.623	0.309	0.287	0.297	0.406	0.246	0.261	0.245	0.295	0.261	0.252	0.264	0.378	0.216	0.286	0.249	0.509	0.277	0.209	0.222	0.288	0.540	0.664	0.293	0.255	0.236	0.260	0.449	0.236	0.536	0.246	0.354	0.373	0.284	0.250	0.342	0.276	0.506	0.326	0.251	0.248	0.279	0.311	0.385	0.229	0.265	0.280	0.520	0.462	0.242	0.273	0.433	0.535	0.403	0.231	0.228	0.228	0.532	0.281	0.346	0.247	0.293	0.327	0.312	0.279	0.365	0.254	0.439	0.313	0.622	0.259	0.322	0.492	0.432	0.504	0.313	0.276	0.307	0.474	0.264	0.241	0.266	0.226	0.363	0.299	0.463	0.487	0.660	0.225	0.230	0.558	0.232	0.288	0.264	0.394	0.334	0.371	0.253	0.455	0.245	0.310	0.296	0.247	0.643	0.486	0.243	0.426	0.299	0.295	0.240	0.421	0.359	0.358	0.205	0.607	0.533	0.230	0.356	0.248	0.247	0.660	0.261	0.296	0.624	0.547	0.309	0.269	0.364	0.218	0.391	0.312	0.188	0.231	0.427	0.238	0.396	0.391	0.308	0.256	0.232	0.232	0.268	0.392	0.328	0.487	0.413	0.387	0.314	0.328	0.239	0.528	0.192	0.326	0.368	0.380	0.273	0.258	0.301	0.241	0.307	0.399	0.272	0.233	0.256	0.361	0.246	0.386	0.291	0.271	0.307	0.274	0.280	0.416	0.257
121	0.646	0.601	0.652	0.597	0.584	0.509	0.438	0.608	0.471	0.630	0.522	0.486	0.667	0.600	0.499	0.608	0.651	0.561	0.541	0.746	0.648	0.589	0.550	0.612	0.505	0.623	0.000	0.627	0.590	0.648	0.538	0.627	0.636	0.564	0.516	0.578	0.631	0.687	0.570	0.637	0.535	0.635	0.513	0.635	0.627	0.642	0.595	0.464	0.494	0.586	0.652	0.633	0.587	0.456	0.618	0.536	0.585	0.518	0.511	0.742	0.600	0.569	0.718	0.508	0.537	0.664	0.664	0.704	0.575	0.522	0.642	0.644	0.712	0.617	0.505	0.662	0.717	0.514	0.528	0.537	0.627	0.658	0.640	0.559	0.594	0.529	0.681	0.561	0.543	0.524	0.579	0.556	0.676	0.557	0.557	0.462	0.646	0.554	0.520	0.508	0.473	0.616	0.725	0.550	0.565	0.600	0.598	0.611	0.637	0.530	0.545	0.493	0.526	0.585	0.626	0.586	0.533	0.644	0.562	0.582	0.485	0.577	0.546	0.625	0.492	0.592	0.590	0.604	0.623	0.573	0.549	0.616	0.621	0.508	0.709	0.629	0.488	0.503	0.545	0.656	0.512	0.485	0.676	0.553	0.715	0.657	0.506	0.593	0.740	0.507	0.516	0.591	0.619	0.539	0.622	0.533	0.614	0.641	0.609	0.501	0.648	0.521	0.555	0.579	0.572	0.615	0.654	0.717	0.504	0.774	0.496	0.567	0.521	0.759	0.547	0.680	0.539	0.650	0.511	0.588	0.520	0.619	0.689	0.729	0.653	0.532	0.504	0.718	0.653	0.688	0.601	0.678	0.522	0.500	0.720	0.543	0.663	0.593	0.548	0.633
122	0.338	0.357	0.314	0.362	0.356	0.478	0.456	0.353	0.465	0.347	0.458	0.415	0.334	0.341	0.421	0.337	0.316	0.404	0.476	0.393	0.348	0.359	0.379	0.452	0.530	0.309	0.627	0.000	0.343	0.410	0.445	0.338	0.310	0.370	0.358	0.342	0.341	0.371	0.395	0.320	0.363	0.345	0.524	0.337	0.331	0.339	0.357	0.510	0.660	0.360	0.347	0.366	0.342	0.459	0.346	0.535	0.334	0.395	0.442	0.382	0.336	0.412	0.370	0.519	0.364	0.319	0.336	0.368	0.297	0.461	0.359	0.345	0.394	0.490	0.493	0.346	0.370	0.447	0.505	0.413	0.320	0.320	0.352	0.463	0.363	0.360	0.333	0.319	0.366	0.364	0.348	0.422	0.359	0.485	0.391	0.568	0.357	0.358	0.527	0.467	0.506	0.347	0.373	0.355	0.499	0.334	0.282	0.360	0.364	0.425	0.409	0.461	0.538	0.648	0.310	0.340	0.583	0.351	0.329	0.346	0.439	0.399	0.410	0.278	0.489	0.352	0.387	0.373	0.366	0.641	0.484	0.368	0.503	0.394	0.388	0.325	0.457	0.393	0.397	0.337	0.633	0.552	0.316	0.395	0.376	0.355	0.672	0.334	0.393	0.594	0.560	0.357	0.344	0.337	0.300	0.409	0.336	0.328	0.346	0.466	0.336	0.437	0.441	0.302	0.369	0.334	0.369	0.369	0.443	0.426	0.492	0.402	0.454	0.413	0.371	0.349	0.546	0.336	0.353	0.413	0.415	0.376	0.341	0.386	0.329	0.400	0.396	0.355	0.316	0.358	0.405	0.347	0.377	0.355	0.384	0.416	0.364	0.350	0.456	0.337
123	0.264	0.305	0.303	0.296	0.309	0.428	0.438	0.285	0.405	0.252	0.445	0.410	0.291	0.288	0.412	0.274	0.248	0.404	0.392	0.351	0.245	0.287	0.324	0.413	0.484	0.287	0.590	0.343	0.000	0.302	0.436	0.276	0.288	0.296	0.292	0.283	0.267	0.309	0.413	0.255	0.322	0.311	0.512	0.295	0.274	0.278	0.269	0.536	0.628	0.270	0.292	0.275	0.312	0.408	0.300	0.533	0.289	0.323	0.404	0.340	0.280	0.340	0.312	0.499	0.299	0.308	0.276	0.302	0.345	0.410	0.306	0.298	0.329	0.483	0.423	0.294	0.302	0.429	0.541	0.336	0.279	0.265	0.293	0.496	0.308	0.332	0.284	0.280	0.359	0.273	0.311	0.350	0.308	0.487	0.279	0.570	0.306	0.304	0.462	0.469	0.507	0.283	0.330	0.283	0.480	0.303	0.260	0.282	0.292	0.385	0.328	0.419	0.493	0.637	0.283	0.282	0.554	0.269	0.282	0.273	0.404	0.388	0.317	0.205	0.460	0.277	0.313	0.382	0.257	0.611	0.465	0.300	0.442	0.288	0.339	0.261	0.414	0.376	0.341	0.287	0.619	0.536	0.313	0.370	0.328	0.279	0.654	0.231	0.351	0.593	0.538	0.275	0.286	0.367	0.255	0.426	0.302	0.264	0.245	0.429	0.292	0.376	0.376	0.332	0.297	0.314	0.297	0.313	0.386	0.369	0.466	0.456	0.399	0.359	0.325	0.295	0.522	0.253	0.316	0.323	0.340	0.307	0.285	0.340	0.297	0.309	0.390	0.311	0.281	0.286	0.340	0.288	0.377	0.285	0.308	0.373	0.300	0.301	0.410	0.292
124	0.295	0.330	0.259	0.362	0.289	0.492	0.516	0.286	0.421	0.234	0.526	0.489	0.273	0.328	0.507	0.297	0.253	0.450	0.470	0.282	0.282	0.387	0.434	0.441	0.563	0.297	0.648	0.410	0.302	0.000	0.466	0.277	0.282	0.336	0.320	0.313	0.291	0.245	0.461	0.264	0.382	0.290	0.592	0.329	0.282	0.273	0.306	0.642	0.722	0.324	0.272	0.310	0.345	0.507	0.299	0.629	0.313	0.391	0.494	0.285	0.307	0.389	0.245	0.569	0.383	0.299	0.272	0.245	0.394	0.464	0.330	0.325	0.268	0.559	0.524	0.272	0.262	0.496	0.632	0.473	0.296	0.264	0.262	0.595	0.347	0.402	0.252	0.335	0.377	0.362	0.355	0.442	0.275	0.551	0.368	0.686	0.298	0.369	0.570	0.508	0.572	0.330	0.262	0.347	0.553	0.350	0.336	0.258	0.268	0.447	0.428	0.537	0.566	0.691	0.272	0.301	0.629	0.267	0.384	0.295	0.449	0.401	0.365	0.326	0.518	0.308	0.366	0.394	0.240	0.701	0.544	0.254	0.467	0.326	0.263	0.270	0.470	0.458	0.444	0.272	0.684	0.628	0.278	0.494	0.267	0.243	0.712	0.322	0.272	0.691	0.629	0.345	0.329	0.440	0.290	0.498	0.329	0.226	0.308	0.518	0.268	0.436	0.459	0.396	0.332	0.305	0.253	0.267	0.452	0.296	0.516	0.501	0.425	0.285	0.391	0.259	0.617	0.267	0.390	0.348	0.464	0.305	0.273	0.255	0.282	0.357	0.471	0.259	0.285	0.225	0.405	0.250	0.427	0.400	0.266	0.386	0.264	0.320	0.472	0.291
125	0.474	0.431	0.434	0.392	0.364	0.412	0.421	0.457	0.409	0.434	0.425	0.425	0.483	0.416	0.381	0.433	0.450	0.360	0.371	0.558	0.444	0.351	0.355	0.409	0.445	0.406	0.538	0.445	0.436	0.466	0.000	0.457	0.425	0.357	0.380	0.406	0.445	0.514	0.373	0.435	0.360	0.460	0.432	0.452	0.423	0.440	0.433	0.421	0.524	0.407	0.474	0.390	0.429	0.411	0.403	0.432	0.408	0.414	0.376	0.551	0.412	0.392	0.524	0.419	0.393	0.445	0.459	0.503	0.407	0.361	0.429	0.441	0.517	0.478	0.382	0.456	0.525	0.430	0.454	0.384	0.447	0.458	0.446	0.457	0.394	0.346	0.494	0.358	0.339	0.385	0.418	0.378	0.486	0.432	0.411	0.518	0.450	0.334	0.462	0.407	0.413	0.434	0.534	0.372	0.468	0.370	0.385	0.429	0.448	0.381	0.349	0.393	0.387	0.552	0.423	0.397	0.474	0.456	0.378	0.420	0.383	0.424	0.425	0.434	0.375	0.388	0.416	0.415	0.457	0.493	0.415	0.430	0.456	0.409	0.549	0.447	0.431	0.362	0.368	0.460	0.478	0.440	0.464	0.395	0.526	0.474	0.495	0.403	0.559	0.498	0.451	0.411	0.402	0.340	0.448	0.376	0.406	0.443	0.402	0.384	0.451	0.438	0.431	0.346	0.361	0.430	0.476	0.528	0.362	0.585	0.408	0.458	0.425	0.573	0.453	0.479	0.508	0.442	0.423	0.399	0.403	0.436	0.491	0.545	0.460	0.349	0.385	0.511	0.447	0.507	0.410	0.457	0.384	0.362	0.520	0.338	0.470	0.439	0.389	0.450
126	0.269	0.255	0.250	0.320	0.258	0.433	0.487	0.241	0.412	0.237	0.452	0.449	0.255	0.299	0.429	0.243	0.248	0.419	0.457	0.288	0.244	0.352	0.397	0.416	0.503	0.246	0.627	0.338	0.276	0.277	0.457	0.000	0.264	0.278	0.312	0.287	0.209	0.259	0.422	0.223	0.337	0.271	0.546	0.299	0.257	0.238	0.270	0.562	0.664	0.286	0.259	0.282	0.249	0.472	0.248	0.569	0.286	0.367	0.436	0.294	0.284	0.379	0.268	0.534	0.330	0.263	0.267	0.254	0.346	0.425	0.278	0.267	0.283	0.542	0.458	0.249	0.267	0.458	0.582	0.427	0.211	0.232	0.248	0.550	0.272	0.348	0.236	0.305	0.344	0.331	0.326	0.418	0.270	0.481	0.327	0.628	0.259	0.325	0.507	0.459	0.528	0.275	0.275	0.304	0.500	0.325	0.265	0.244	0.273	0.402	0.377	0.491	0.517	0.671	0.241	0.260	0.570	0.259	0.318	0.239	0.415	0.342	0.335	0.272	0.485	0.225	0.300	0.330	0.239	0.658	0.521	0.214	0.454	0.322	0.286	0.229	0.455	0.387	0.392	0.249	0.620	0.570	0.254	0.403	0.265	0.253	0.702	0.253	0.295	0.630	0.572	0.270	0.297	0.372	0.204	0.418	0.320	0.211	0.262	0.439	0.244	0.419	0.425	0.328	0.299	0.254	0.252	0.269	0.427	0.315	0.464	0.441	0.410	0.294	0.342	0.236	0.509	0.229	0.343	0.377	0.361	0.264	0.270	0.274	0.242	0.320	0.434	0.248	0.229	0.242	0.394	0.264	0.406	0.345	0.278	0.371	0.276	0.250	0.400	0.232
