OTU_id	0	1	10	100	101	102	103	104	105	106	107	108	109	11	110	111	112	113	114	115	116	117	118	119	12	120	121	122	123	124	125	126	127	128	129	13	130	131	132	133	134	135	136	137	138	139	14	140	141	142	143	144	145	146	147	148	149	15	150	151	152	153	154	155	156	157	158	159	16	160	161	162	163	164	165	166	167	168	169	17	170	171	172	173	174	175	176	177	178	179	18	180	181	182	183	184	185	186	187	188	189	19	190	191	192	193	194	195	196	197	198	199	2	20	21	22	23	24	25	26	27	28	29	3	30	31	32	33	34	35	36	37	38	39	4	40	41	42	43	44	45	46	47	48	49	5	50	51	52	53	54	55	56	57	58	59	6	60	61	62	63	64	65	66	67	68	69	7	70	71	72	73	74	75	76	77	78	79	8	80	81	82	83	84	85	86	87	88	89	9	90	91	92	93	94	95	96	97	98	99
0	0.000	0.107	0.051	0.191	0.147	0.398	0.433	0.089	0.359	0.044	0.420	0.409	0.063	0.124	0.438	0.063	0.053	0.337	0.412	0.157	0.052	0.229	0.295	0.327	0.486	0.075	0.662	0.195	0.119	0.065	0.410	0.064	0.062	0.171	0.169	0.143	0.066	0.105	0.324	0.040	0.250	0.046	0.556	0.086	0.048	0.043	0.116	0.587	0.702	0.166	0.059	0.078	0.141	0.437	0.062	0.585	0.131	0.279	0.410	0.147	0.096	0.260	0.121	0.505	0.237	0.044	0.048	0.106	0.201	0.400	0.087	0.084	0.125	0.522	0.457	0.050	0.128	0.413	0.582	0.368	0.048	0.054	0.051	0.540	0.120	0.262	0.080	0.170	0.237	0.219	0.175	0.353	0.075	0.455	0.195	0.665	0.078	0.205	0.501	0.450	0.531	0.118	0.134	0.225	0.488	0.192	0.131	0.067	0.044	0.362	0.269	0.454	0.516	0.682	0.055	0.119	0.593	0.034	0.227	0.088	0.351	0.282	0.224	0.082	0.474	0.102	0.187	0.191	0.054	0.681	0.480	0.071	0.379	0.208	0.123	0.051	0.360	0.314	0.319	0.050	0.668	0.589	0.071	0.375	0.116	0.062	0.715	0.114	0.154	0.671	0.598	0.135	0.141	0.319	0.046	0.389	0.141	0.049	0.088	0.435	0.055	0.341	0.351	0.247	0.168	0.099	0.057	0.116	0.368	0.176	0.460	0.418	0.310	0.167	0.224	0.087	0.573	0.050	0.233	0.252	0.342	0.080	0.062	0.144	0.055	0.236	0.380	0.124	0.047	0.077	0.251	0.074	0.350	0.270	0.116	0.266	0.057	0.143	0.385	0.059
1	0.107	0.000	0.107	0.111	0.091	0.306	0.351	0.058	0.272	0.099	0.340	0.327	0.145	0.069	0.354	0.066	0.133	0.257	0.330	0.246	0.107	0.153	0.212	0.258	0.403	0.071	0.581	0.136	0.073	0.122	0.328	0.076	0.080	0.090	0.099	0.083	0.072	0.191	0.246	0.090	0.173	0.094	0.471	0.079	0.092	0.114	0.071	0.502	0.615	0.090	0.136	0.071	0.081	0.351	0.072	0.500	0.068	0.198	0.326	0.235	0.052	0.184	0.208	0.425	0.159	0.115	0.128	0.192	0.126	0.317	0.075	0.064	0.213	0.447	0.374	0.125	0.216	0.327	0.499	0.285	0.086	0.128	0.117	0.457	0.060	0.176	0.166	0.101	0.157	0.145	0.102	0.272	0.161	0.371	0.121	0.581	0.069	0.132	0.421	0.369	0.445	0.077	0.222	0.148	0.405	0.118	0.072	0.068	0.109	0.281	0.191	0.372	0.432	0.598	0.084	0.066	0.508	0.112	0.151	0.054	0.269	0.198	0.151	0.069	0.390	0.054	0.117	0.123	0.098	0.601	0.397	0.072	0.311	0.135	0.210	0.084	0.279	0.230	0.241	0.126	0.580	0.504	0.155	0.295	0.201	0.145	0.632	0.065	0.243	0.586	0.515	0.068	0.081	0.235	0.091	0.308	0.080	0.128	0.063	0.350	0.133	0.258	0.275	0.166	0.094	0.069	0.141	0.204	0.289	0.265	0.376	0.340	0.230	0.256	0.155	0.172	0.489	0.120	0.155	0.174	0.260	0.078	0.146	0.232	0.117	0.157	0.295	0.211	0.119	0.158	0.173	0.154	0.268	0.190	0.203	0.190	0.135	0.085	0.304	0.084
10	0.051	0.107	0.000	0.192	0.145	0.397	0.435	0.082	0.360	0.046	0.423	0.411	0.059	0.125	0.438	0.068	0.051	0.336	0.414	0.155	0.046	0.231	0.296	0.327	0.489	0.071	0.665	0.189	0.124	0.054	0.408	0.060	0.058	0.170	0.169	0.144	0.064	0.102	0.320	0.043	0.253	0.041	0.557	0.099	0.047	0.039	0.116	0.589	0.704	0.164	0.057	0.074	0.136	0.438	0.059	0.584	0.129	0.280	0.411	0.145	0.098	0.262	0.119	0.507	0.242	0.049	0.044	0.101	0.199	0.400	0.083	0.086	0.124	0.521	0.458	0.044	0.127	0.411	0.582	0.370	0.047	0.048	0.045	0.537	0.120	0.262	0.077	0.169	0.235	0.221	0.178	0.354	0.072	0.456	0.196	0.667	0.073	0.204	0.501	0.450	0.532	0.117	0.132	0.222	0.487	0.191	0.133	0.067	0.043	0.360	0.270	0.456	0.518	0.682	0.046	0.118	0.592	0.047	0.226	0.091	0.352	0.278	0.224	0.092	0.474	0.100	0.191	0.188	0.049	0.686	0.484	0.063	0.381	0.210	0.121	0.051	0.362	0.314	0.323	0.050	0.669	0.589	0.067	0.376	0.113	0.061	0.715	0.115	0.152	0.674	0.598	0.137	0.140	0.318	0.044	0.389	0.142	0.043	0.087	0.437	0.053	0.343	0.358	0.249	0.167	0.101	0.059	0.115	0.371	0.174	0.459	0.420	0.311	0.165	0.228	0.083	0.573	0.042	0.230	0.253	0.342	0.079	0.065	0.142	0.043	0.237	0.379	0.121	0.041	0.072	0.251	0.070	0.348	0.272	0.114	0.265	0.056	0.139	0.385	0.051
100	0.191	0.111	0.192	0.000	0.102	0.240	0.282	0.138	0.205	0.179	0.274	0.258	0.232	0.105	0.272	0.148	0.214	0.197	0.260	0.333	0.190	0.099	0.156	0.215	0.328	0.145	0.510	0.120	0.103	0.202	0.250	0.161	0.160	0.084	0.098	0.100	0.156	0.278	0.179	0.172	0.120	0.183	0.399	0.135	0.178	0.201	0.109	0.428	0.537	0.084	0.224	0.140	0.105	0.275	0.155	0.427	0.100	0.139	0.257	0.322	0.115	0.131	0.296	0.352	0.115	0.199	0.213	0.276	0.105	0.250	0.144	0.143	0.300	0.379	0.304	0.212	0.303	0.259	0.425	0.213	0.172	0.216	0.205	0.391	0.110	0.124	0.253	0.096	0.119	0.102	0.108	0.193	0.249	0.304	0.095	0.503	0.148	0.091	0.353	0.304	0.374	0.125	0.309	0.104	0.333	0.098	0.094	0.146	0.194	0.217	0.137	0.298	0.358	0.523	0.167	0.108	0.437	0.198	0.105	0.125	0.208	0.151	0.123	0.122	0.313	0.115	0.101	0.116	0.182	0.525	0.326	0.149	0.270	0.101	0.297	0.169	0.217	0.175	0.180	0.214	0.507	0.425	0.243	0.226	0.289	0.231	0.551	0.108	0.330	0.507	0.441	0.082	0.101	0.171	0.176	0.243	0.083	0.215	0.129	0.280	0.221	0.202	0.214	0.113	0.093	0.128	0.229	0.292	0.220	0.351	0.306	0.281	0.172	0.342	0.128	0.260	0.418	0.206	0.119	0.127	0.196	0.148	0.234	0.319	0.202	0.111	0.228	0.299	0.205	0.245	0.116	0.241	0.196	0.132	0.290	0.142	0.222	0.107	0.242	0.166
101	0.147	0.091	0.145	0.102	0.000	0.282	0.315	0.102	0.241	0.140	0.303	0.295	0.187	0.076	0.317	0.107	0.176	0.227	0.295	0.288	0.147	0.130	0.184	0.240	0.369	0.102	0.545	0.127	0.084	0.147	0.277	0.116	0.121	0.081	0.086	0.072	0.114	0.234	0.215	0.131	0.146	0.140	0.432	0.097	0.136	0.157	0.086	0.466	0.580	0.083	0.181	0.108	0.082	0.320	0.113	0.466	0.073	0.171	0.290	0.277	0.086	0.154	0.251	0.389	0.133	0.154	0.170	0.234	0.111	0.280	0.100	0.103	0.254	0.414	0.340	0.168	0.259	0.297	0.462	0.253	0.128	0.171	0.159	0.426	0.083	0.155	0.209	0.091	0.130	0.121	0.101	0.236	0.205	0.335	0.104	0.543	0.110	0.106	0.385	0.335	0.410	0.099	0.264	0.115	0.371	0.099	0.076	0.105	0.151	0.243	0.163	0.338	0.399	0.563	0.123	0.077	0.474	0.153	0.125	0.090	0.234	0.171	0.127	0.098	0.345	0.077	0.108	0.109	0.133	0.561	0.362	0.097	0.280	0.112	0.252	0.127	0.247	0.205	0.213	0.170	0.547	0.468	0.198	0.260	0.246	0.187	0.586	0.074	0.285	0.551	0.476	0.079	0.083	0.201	0.133	0.269	0.090	0.170	0.086	0.317	0.178	0.230	0.242	0.138	0.084	0.089	0.184	0.247	0.254	0.307	0.341	0.309	0.198	0.298	0.140	0.216	0.453	0.164	0.132	0.137	0.226	0.109	0.189	0.274	0.158	0.131	0.264	0.254	0.160	0.200	0.156	0.196	0.239	0.158	0.246	0.153	0.178	0.081	0.268	0.124
102	0.398	0.306	0.397	0.240	0.282	0.000	0.154	0.332	0.120	0.390	0.134	0.137	0.442	0.292	0.136	0.351	0.429	0.153	0.141	0.545	0.395	0.199	0.144	0.226	0.176	0.345	0.333	0.263	0.296	0.410	0.144	0.363	0.367	0.243	0.249	0.275	0.355	0.489	0.153	0.382	0.187	0.386	0.220	0.330	0.383	0.408	0.309	0.243	0.338	0.253	0.435	0.348	0.282	0.128	0.357	0.238	0.284	0.169	0.115	0.534	0.316	0.178	0.508	0.196	0.197	0.407	0.424	0.490	0.230	0.126	0.334	0.339	0.512	0.258	0.154	0.420	0.515	0.119	0.237	0.131	0.377	0.425	0.411	0.238	0.295	0.159	0.463	0.253	0.195	0.210	0.254	0.136	0.459	0.153	0.234	0.311	0.348	0.227	0.201	0.176	0.186	0.321	0.521	0.197	0.175	0.231	0.278	0.349	0.401	0.125	0.167	0.147	0.194	0.340	0.373	0.297	0.246	0.407	0.198	0.321	0.150	0.158	0.219	0.332	0.162	0.313	0.242	0.247	0.384	0.348	0.172	0.351	0.252	0.218	0.509	0.373	0.146	0.144	0.155	0.423	0.304	0.243	0.453	0.123	0.500	0.441	0.363	0.299	0.542	0.312	0.259	0.278	0.277	0.139	0.382	0.149	0.283	0.423	0.327	0.126	0.430	0.148	0.152	0.188	0.249	0.321	0.436	0.503	0.132	0.564	0.141	0.184	0.150	0.555	0.230	0.471	0.236	0.415	0.199	0.184	0.143	0.345	0.443	0.531	0.407	0.191	0.127	0.510	0.413	0.455	0.190	0.453	0.140	0.163	0.502	0.193	0.431	0.278	0.146	0.370
103	0.433	0.351	0.435	0.282	0.315	0.154	0.000	0.373	0.146	0.427	0.136	0.144	0.479	0.329	0.131	0.383	0.466	0.188	0.156	0.583	0.436	0.224	0.176	0.259	0.169	0.382	0.279	0.292	0.333	0.447	0.146	0.403	0.401	0.286	0.277	0.311	0.396	0.527	0.162	0.420	0.214	0.426	0.196	0.359	0.420	0.444	0.345	0.203	0.302	0.287	0.470	0.387	0.319	0.128	0.395	0.226	0.324	0.193	0.127	0.572	0.352	0.210	0.545	0.162	0.219	0.443	0.459	0.528	0.258	0.143	0.376	0.377	0.548	0.242	0.146	0.458	0.553	0.156	0.218	0.139	0.413	0.462	0.447	0.230	0.334	0.198	0.501	0.287	0.231	0.239	0.288	0.151	0.494	0.134	0.266	0.269	0.388	0.262	0.184	0.137	0.172	0.357	0.558	0.243	0.180	0.264	0.318	0.386	0.436	0.137	0.195	0.137	0.175	0.306	0.411	0.334	0.237	0.442	0.235	0.359	0.154	0.210	0.244	0.367	0.140	0.350	0.276	0.289	0.423	0.314	0.164	0.389	0.231	0.249	0.546	0.411	0.141	0.177	0.179	0.461	0.288	0.203	0.491	0.146	0.539	0.477	0.330	0.334	0.580	0.284	0.245	0.319	0.316	0.167	0.418	0.155	0.320	0.461	0.361	0.128	0.468	0.173	0.159	0.217	0.286	0.353	0.474	0.540	0.143	0.601	0.146	0.185	0.188	0.593	0.257	0.508	0.223	0.454	0.232	0.223	0.147	0.376	0.480	0.569	0.446	0.224	0.137	0.548	0.451	0.493	0.227	0.487	0.165	0.185	0.540	0.227	0.467	0.317	0.166	0.407
104	0.089	0.058	0.082	0.138	0.102	0.332	0.373	0.000	0.293	0.078	0.359	0.349	0.122	0.080	0.375	0.058	0.110	0.281	0.352	0.223	0.084	0.173	0.231	0.279	0.427	0.057	0.602	0.148	0.077	0.098	0.350	0.064	0.065	0.114	0.113	0.091	0.060	0.167	0.261	0.070	0.192	0.078	0.493	0.072	0.072	0.094	0.071	0.525	0.639	0.104	0.118	0.063	0.090	0.375	0.061	0.522	0.076	0.219	0.347	0.212	0.051	0.199	0.185	0.444	0.182	0.095	0.107	0.168	0.145	0.338	0.064	0.066	0.190	0.465	0.396	0.105	0.192	0.346	0.518	0.307	0.068	0.106	0.098	0.479	0.073	0.200	0.142	0.115	0.177	0.161	0.118	0.292	0.137	0.394	0.141	0.603	0.068	0.149	0.440	0.388	0.469	0.084	0.199	0.166	0.428	0.134	0.085	0.055	0.086	0.299	0.210	0.394	0.455	0.619	0.072	0.065	0.531	0.093	0.168	0.061	0.292	0.217	0.171	0.065	0.412	0.054	0.135	0.139	0.076	0.624	0.423	0.061	0.332	0.150	0.187	0.067	0.301	0.252	0.261	0.104	0.602	0.525	0.134	0.316	0.179	0.124	0.654	0.072	0.219	0.608	0.536	0.083	0.088	0.256	0.072	0.328	0.095	0.105	0.058	0.374	0.113	0.275	0.297	0.190	0.106	0.060	0.121	0.181	0.309	0.242	0.396	0.358	0.245	0.233	0.169	0.151	0.511	0.099	0.168	0.192	0.281	0.064	0.125	0.209	0.097	0.176	0.318	0.189	0.099	0.133	0.192	0.134	0.290	0.210	0.180	0.208	0.114	0.094	0.325	0.068
105	0.359	0.272	0.360	0.205	0.241	0.120	0.146	0.293	0.000	0.348	0.139	0.113	0.404	0.252	0.142	0.310	0.390	0.136	0.130	0.507	0.360	0.163	0.119	0.207	0.179	0.307	0.349	0.227	0.257	0.367	0.134	0.326	0.326	0.207	0.210	0.236	0.319	0.452	0.136	0.344	0.146	0.351	0.239	0.290	0.345	0.371	0.267	0.264	0.368	0.209	0.395	0.309	0.246	0.130	0.318	0.270	0.246	0.123	0.116	0.497	0.276	0.134	0.470	0.207	0.149	0.368	0.386	0.452	0.190	0.114	0.301	0.300	0.474	0.264	0.156	0.382	0.478	0.131	0.263	0.108	0.338	0.387	0.374	0.247	0.260	0.131	0.425	0.215	0.164	0.172	0.211	0.113	0.420	0.169	0.190	0.334	0.315	0.185	0.213	0.178	0.211	0.282	0.483	0.169	0.198	0.194	0.241	0.309	0.361	0.110	0.134	0.156	0.211	0.347	0.334	0.256	0.277	0.367	0.161	0.285	0.115	0.146	0.185	0.293	0.170	0.273	0.206	0.219	0.346	0.371	0.188	0.313	0.234	0.170	0.470	0.336	0.128	0.120	0.120	0.384	0.336	0.267	0.415	0.117	0.464	0.403	0.390	0.263	0.504	0.338	0.287	0.242	0.241	0.116	0.343	0.138	0.247	0.385	0.290	0.130	0.391	0.119	0.113	0.149	0.211	0.277	0.399	0.466	0.096	0.527	0.150	0.175	0.121	0.517	0.193	0.433	0.257	0.378	0.167	0.141	0.113	0.306	0.405	0.494	0.371	0.153	0.120	0.473	0.376	0.415	0.162	0.414	0.111	0.121	0.464	0.158	0.394	0.239	0.139	0.331
106	0.044	0.099	0.046	0.179	0.140	0.390	0.427	0.078	0.348	0.000	0.416	0.403	0.064	0.116	0.430	0.060	0.049	0.329	0.404	0.163	0.044	0.222	0.288	0.319	0.480	0.065	0.655	0.190	0.113	0.054	0.401	0.056	0.048	0.163	0.161	0.136	0.053	0.109	0.316	0.035	0.244	0.045	0.549	0.092	0.045	0.043	0.106	0.581	0.695	0.157	0.063	0.061	0.135	0.427	0.048	0.578	0.122	0.271	0.402	0.152	0.091	0.253	0.125	0.499	0.231	0.050	0.052	0.108	0.195	0.393	0.080	0.081	0.130	0.513	0.449	0.050	0.134	0.404	0.576	0.362	0.046	0.054	0.049	0.532	0.113	0.256	0.083	0.161	0.228	0.211	0.171	0.345	0.081	0.449	0.185	0.658	0.071	0.194	0.495	0.444	0.524	0.111	0.139	0.216	0.480	0.184	0.127	0.061	0.043	0.354	0.262	0.448	0.509	0.673	0.046	0.108	0.586	0.042	0.221	0.079	0.345	0.274	0.219	0.079	0.467	0.094	0.180	0.183	0.048	0.676	0.477	0.062	0.371	0.197	0.128	0.040	0.355	0.306	0.315	0.049	0.660	0.581	0.076	0.369	0.120	0.065	0.707	0.107	0.160	0.665	0.589	0.126	0.131	0.311	0.038	0.384	0.133	0.049	0.082	0.427	0.057	0.333	0.348	0.241	0.162	0.092	0.065	0.122	0.362	0.182	0.451	0.414	0.301	0.173	0.216	0.091	0.566	0.047	0.225	0.245	0.336	0.075	0.069	0.149	0.052	0.226	0.372	0.129	0.048	0.077	0.245	0.074	0.341	0.264	0.121	0.255	0.058	0.132	0.379	0.051
107	0.420	0.340	0.423	0.274	0.303	0.134	0.136	0.359	0.139	0.416	0.000	0.129	0.466	0.313	0.125	0.375	0.454	0.177	0.135	0.571	0.421	0.221	0.165	0.252	0.136	0.368	0.313	0.280	0.320	0.436	0.140	0.390	0.391	0.271	0.270	0.298	0.382	0.516	0.163	0.407	0.194	0.414	0.189	0.350	0.408	0.434	0.333	0.213	0.314	0.275	0.459	0.375	0.305	0.144	0.383	0.223	0.309	0.179	0.117	0.560	0.338	0.191	0.534	0.128	0.207	0.429	0.449	0.516	0.244	0.130	0.359	0.363	0.538	0.241	0.127	0.446	0.541	0.158	0.198	0.135	0.401	0.449	0.436	0.224	0.319	0.189	0.490	0.271	0.219	0.221	0.274	0.141	0.483	0.142	0.248	0.282	0.377	0.245	0.184	0.141	0.173	0.346	0.546	0.225	0.164	0.247	0.301	0.375	0.426	0.124	0.188	0.111	0.182	0.309	0.399	0.320	0.234	0.429	0.215	0.348	0.129	0.198	0.238	0.354	0.145	0.337	0.261	0.271	0.409	0.323	0.157	0.376	0.251	0.243	0.535	0.398	0.132	0.159	0.158	0.448	0.289	0.209	0.478	0.118	0.527	0.467	0.329	0.323	0.568	0.281	0.230	0.301	0.304	0.160	0.406	0.127	0.308	0.448	0.351	0.134	0.454	0.162	0.148	0.206	0.272	0.339	0.462	0.530	0.118	0.590	0.146	0.158	0.159	0.581	0.247	0.497	0.205	0.441	0.221	0.201	0.150	0.368	0.468	0.557	0.434	0.214	0.139	0.536	0.438	0.480	0.221	0.478	0.168	0.177	0.528	0.211	0.455	0.303	0.139	0.395
108	0.409	0.327	0.411	0.258	0.295	0.137	0.144	0.349	0.113	0.403	0.129	0.000	0.455	0.305	0.133	0.363	0.442	0.176	0.142	0.559	0.412	0.214	0.163	0.220	0.163	0.357	0.316	0.260	0.308	0.422	0.143	0.377	0.377	0.261	0.262	0.288	0.369	0.504	0.170	0.396	0.188	0.404	0.198	0.340	0.398	0.422	0.319	0.213	0.336	0.264	0.447	0.363	0.295	0.119	0.373	0.241	0.297	0.173	0.133	0.548	0.330	0.179	0.522	0.178	0.203	0.420	0.438	0.504	0.241	0.123	0.352	0.353	0.526	0.248	0.139	0.433	0.529	0.135	0.237	0.126	0.390	0.437	0.426	0.230	0.311	0.179	0.477	0.261	0.215	0.219	0.263	0.137	0.472	0.156	0.244	0.299	0.368	0.238	0.201	0.179	0.186	0.333	0.534	0.216	0.187	0.241	0.290	0.361	0.413	0.133	0.176	0.138	0.189	0.326	0.386	0.312	0.243	0.417	0.204	0.338	0.138	0.191	0.233	0.344	0.165	0.326	0.255	0.269	0.398	0.341	0.179	0.366	0.255	0.227	0.522	0.386	0.148	0.155	0.157	0.436	0.297	0.239	0.467	0.129	0.516	0.453	0.350	0.313	0.556	0.305	0.255	0.293	0.294	0.158	0.392	0.104	0.297	0.437	0.342	0.145	0.443	0.157	0.147	0.187	0.263	0.330	0.450	0.517	0.110	0.578	0.157	0.132	0.156	0.569	0.237	0.485	0.228	0.429	0.218	0.193	0.149	0.358	0.457	0.545	0.423	0.208	0.134	0.524	0.426	0.468	0.213	0.467	0.136	0.164	0.516	0.208	0.446	0.292	0.164	0.381
109	0.063	0.145	0.059	0.232	0.187	0.442	0.479	0.122	0.404	0.064	0.466	0.455	0.000	0.166	0.482	0.105	0.034	0.381	0.456	0.109	0.059	0.276	0.340	0.363	0.532	0.108	0.707	0.234	0.163	0.067	0.454	0.092	0.088	0.213	0.213	0.184	0.098	0.057	0.367	0.069	0.296	0.068	0.601	0.135	0.071	0.047	0.155	0.633	0.749	0.208	0.036	0.109	0.180	0.481	0.095	0.630	0.172	0.322	0.455	0.098	0.138	0.305	0.073	0.551	0.283	0.057	0.037	0.057	0.244	0.446	0.118	0.122	0.077	0.563	0.501	0.042	0.080	0.456	0.629	0.414	0.076	0.031	0.047	0.583	0.159	0.308	0.037	0.210	0.277	0.263	0.219	0.398	0.039	0.498	0.236	0.711	0.108	0.246	0.545	0.494	0.576	0.154	0.085	0.268	0.532	0.233	0.177	0.107	0.056	0.405	0.315	0.500	0.562	0.728	0.079	0.159	0.638	0.052	0.272	0.129	0.396	0.322	0.265	0.127	0.519	0.142	0.231	0.227	0.075	0.728	0.528	0.102	0.416	0.252	0.074	0.077	0.406	0.359	0.367	0.037	0.714	0.634	0.032	0.420	0.067	0.033	0.760	0.157	0.106	0.718	0.639	0.177	0.182	0.364	0.071	0.433	0.183	0.035	0.124	0.480	0.032	0.386	0.400	0.292	0.210	0.140	0.039	0.069	0.414	0.128	0.505	0.463	0.351	0.119	0.266	0.042	0.617	0.041	0.275	0.298	0.387	0.116	0.039	0.095	0.058	0.281	0.424	0.076	0.041	0.043	0.296	0.035	0.393	0.315	0.068	0.309	0.038	0.183	0.429	0.084
11	0.124	0.069	0.125	0.105	0.076	0.292	0.329	0.080	0.252	0.116	0.313	0.305	0.166	0.000	0.331	0.085	0.153	0.238	0.307	0.268	0.125	0.132	0.192	0.238	0.381	0.082	0.560	0.121	0.066	0.141	0.305	0.101	0.098	0.086	0.080	0.071	0.092	0.214	0.222	0.111	0.147	0.115	0.445	0.077	0.114	0.136	0.071	0.478	0.592	0.083	0.160	0.084	0.077	0.331	0.087	0.477	0.059	0.174	0.303	0.258	0.058	0.160	0.231	0.399	0.137	0.133	0.148	0.214	0.109	0.296	0.078	0.084	0.235	0.425	0.350	0.144	0.239	0.307	0.474	0.265	0.106	0.149	0.140	0.434	0.069	0.162	0.187	0.083	0.140	0.124	0.097	0.247	0.183	0.350	0.091	0.556	0.081	0.110	0.398	0.348	0.423	0.083	0.244	0.131	0.381	0.100	0.057	0.086	0.129	0.257	0.166	0.348	0.409	0.573	0.098	0.059	0.488	0.133	0.129	0.065	0.247	0.183	0.133	0.075	0.364	0.065	0.099	0.110	0.117	0.579	0.376	0.087	0.296	0.114	0.233	0.102	0.249	0.211	0.218	0.148	0.560	0.480	0.176	0.270	0.225	0.165	0.607	0.063	0.266	0.564	0.490	0.061	0.070	0.216	0.109	0.287	0.075	0.149	0.068	0.329	0.156	0.239	0.254	0.145	0.082	0.070	0.163	0.227	0.265	0.287	0.352	0.318	0.204	0.279	0.132	0.195	0.464	0.141	0.134	0.154	0.238	0.091	0.167	0.255	0.136	0.137	0.277	0.234	0.137	0.181	0.160	0.177	0.248	0.166	0.225	0.167	0.156	0.075	0.278	0.099
110	0.438	0.354	0.438	0.272	0.317	0.136	0.131	0.375	0.142	0.430	0.125	0.133	0.482	0.331	0.000	0.390	0.469	0.185	0.133	0.588	0.438	0.228	0.177	0.258	0.139	0.386	0.297	0.286	0.334	0.451	0.129	0.403	0.404	0.288	0.288	0.314	0.397	0.532	0.168	0.422	0.216	0.431	0.174	0.368	0.425	0.449	0.344	0.193	0.297	0.285	0.476	0.388	0.320	0.125	0.400	0.194	0.324	0.191	0.124	0.577	0.354	0.206	0.551	0.160	0.223	0.447	0.464	0.531	0.262	0.125	0.377	0.378	0.554	0.219	0.117	0.463	0.558	0.134	0.206	0.133	0.419	0.466	0.454	0.214	0.337	0.198	0.506	0.285	0.228	0.240	0.289	0.118	0.501	0.141	0.267	0.258	0.392	0.257	0.168	0.158	0.165	0.359	0.563	0.240	0.163	0.262	0.315	0.391	0.442	0.131	0.200	0.105	0.175	0.294	0.415	0.336	0.219	0.447	0.227	0.364	0.157	0.203	0.248	0.369	0.129	0.352	0.276	0.290	0.428	0.307	0.160	0.392	0.256	0.250	0.551	0.414	0.152	0.172	0.163	0.465	0.267	0.183	0.496	0.127	0.544	0.484	0.317	0.337	0.585	0.263	0.227	0.316	0.316	0.160	0.422	0.135	0.317	0.466	0.365	0.122	0.472	0.167	0.158	0.217	0.286	0.359	0.479	0.546	0.133	0.606	0.134	0.175	0.179	0.598	0.261	0.514	0.186	0.458	0.237	0.220	0.146	0.384	0.485	0.574	0.450	0.226	0.134	0.552	0.454	0.498	0.219	0.493	0.148	0.188	0.544	0.225	0.473	0.316	0.152	0.411
111	0.063	0.066	0.068	0.148	0.107	0.351	0.383	0.058	0.310	0.060	0.375	0.363	0.105	0.085	0.390	0.000	0.092	0.292	0.367	0.205	0.072	0.181	0.247	0.289	0.438	0.051	0.617	0.156	0.083	0.087	0.362	0.052	0.057	0.127	0.123	0.101	0.052	0.151	0.274	0.053	0.207	0.064	0.509	0.063	0.058	0.074	0.080	0.540	0.652	0.119	0.095	0.051	0.103	0.387	0.051	0.538	0.089	0.233	0.361	0.195	0.061	0.214	0.168	0.459	0.192	0.076	0.085	0.152	0.156	0.352	0.064	0.056	0.172	0.480	0.409	0.088	0.176	0.365	0.536	0.322	0.049	0.089	0.082	0.495	0.084	0.214	0.125	0.127	0.191	0.176	0.133	0.305	0.119	0.408	0.153	0.617	0.057	0.161	0.457	0.402	0.484	0.091	0.182	0.180	0.441	0.147	0.092	0.045	0.068	0.315	0.222	0.408	0.470	0.635	0.056	0.078	0.545	0.074	0.179	0.058	0.305	0.236	0.180	0.058	0.425	0.062	0.146	0.147	0.063	0.636	0.435	0.050	0.340	0.163	0.170	0.052	0.314	0.266	0.276	0.085	0.619	0.540	0.116	0.328	0.162	0.105	0.668	0.077	0.202	0.624	0.550	0.094	0.099	0.273	0.054	0.344	0.103	0.086	0.052	0.386	0.096	0.293	0.305	0.203	0.125	0.069	0.101	0.164	0.321	0.224	0.412	0.376	0.264	0.215	0.178	0.133	0.525	0.081	0.186	0.208	0.293	0.052	0.106	0.192	0.080	0.187	0.331	0.171	0.082	0.120	0.205	0.116	0.301	0.223	0.163	0.219	0.095	0.100	0.338	0.055
112	0.053	0.133	0.051	0.214	0.176	0.429	0.466	0.110	0.390	0.049	0.454	0.442	0.034	0.153	0.469	0.092	0.000	0.367	0.444	0.122	0.053	0.261	0.327	0.354	0.518	0.097	0.694	0.222	0.150	0.061	0.440	0.084	0.079	0.201	0.199	0.173	0.089	0.070	0.352	0.056	0.283	0.058	0.589	0.123	0.060	0.040	0.141	0.620	0.735	0.195	0.037	0.094	0.169	0.467	0.082	0.617	0.159	0.310	0.442	0.111	0.125	0.292	0.086	0.538	0.271	0.051	0.033	0.067	0.232	0.432	0.111	0.110	0.090	0.553	0.489	0.038	0.093	0.443	0.615	0.401	0.067	0.035	0.044	0.571	0.149	0.295	0.047	0.199	0.266	0.251	0.207	0.384	0.045	0.488	0.225	0.698	0.099	0.235	0.534	0.480	0.563	0.141	0.098	0.255	0.518	0.223	0.164	0.093	0.049	0.394	0.301	0.487	0.549	0.715	0.070	0.146	0.626	0.045	0.259	0.116	0.383	0.312	0.254	0.111	0.506	0.129	0.219	0.218	0.066	0.715	0.514	0.093	0.407	0.238	0.088	0.067	0.392	0.345	0.354	0.035	0.701	0.620	0.039	0.408	0.081	0.038	0.747	0.144	0.119	0.706	0.628	0.162	0.171	0.350	0.061	0.421	0.166	0.029	0.115	0.468	0.033	0.372	0.387	0.279	0.198	0.129	0.040	0.083	0.402	0.141	0.491	0.451	0.340	0.132	0.253	0.053	0.605	0.035	0.263	0.285	0.374	0.106	0.039	0.109	0.051	0.268	0.411	0.089	0.038	0.050	0.279	0.042	0.380	0.303	0.080	0.294	0.036	0.171	0.418	0.076
113	0.337	0.257	0.336	0.197	0.227	0.153	0.188	0.281	0.136	0.329	0.177	0.176	0.381	0.238	0.185	0.292	0.367	0.000	0.168	0.482	0.339	0.152	0.129	0.214	0.228	0.289	0.395	0.210	0.244	0.349	0.163	0.308	0.307	0.202	0.197	0.224	0.301	0.428	0.155	0.323	0.153	0.329	0.273	0.270	0.326	0.348	0.255	0.306	0.414	0.204	0.373	0.289	0.226	0.189	0.296	0.306	0.226	0.150	0.161	0.472	0.260	0.144	0.445	0.236	0.153	0.345	0.363	0.428	0.161	0.157	0.280	0.281	0.450	0.292	0.203	0.361	0.453	0.176	0.294	0.140	0.316	0.365	0.352	0.276	0.246	0.119	0.401	0.202	0.157	0.171	0.210	0.143	0.398	0.183	0.189	0.374	0.292	0.178	0.241	0.210	0.250	0.264	0.459	0.170	0.243	0.178	0.223	0.293	0.342	0.145	0.147	0.190	0.249	0.392	0.310	0.242	0.325	0.347	0.163	0.268	0.149	0.158	0.176	0.273	0.194	0.259	0.197	0.188	0.328	0.400	0.191	0.294	0.248	0.173	0.447	0.313	0.153	0.137	0.142	0.363	0.380	0.307	0.391	0.147	0.440	0.381	0.430	0.247	0.479	0.380	0.318	0.223	0.220	0.123	0.323	0.168	0.228	0.364	0.272	0.163	0.367	0.154	0.137	0.145	0.200	0.265	0.376	0.441	0.145	0.501	0.173	0.211	0.149	0.492	0.192	0.409	0.302	0.355	0.171	0.145	0.137	0.290	0.382	0.469	0.339	0.157	0.104	0.448	0.353	0.394	0.146	0.391	0.144	0.132	0.440	0.166	0.371	0.227	0.171	0.310
114	0.412	0.330	0.414	0.260	0.295	0.141	0.156	0.352	0.130	0.404	0.135	0.142	0.456	0.307	0.133	0.367	0.444	0.168	0.000	0.561	0.411	0.210	0.158	0.228	0.165	0.363	0.333	0.276	0.309	0.422	0.129	0.382	0.379	0.263	0.264	0.293	0.372	0.506	0.175	0.399	0.201	0.405	0.205	0.342	0.400	0.425	0.325	0.228	0.330	0.263	0.450	0.362	0.301	0.140	0.373	0.241	0.303	0.178	0.131	0.550	0.329	0.189	0.523	0.182	0.202	0.421	0.440	0.505	0.244	0.135	0.350	0.357	0.527	0.218	0.152	0.435	0.531	0.149	0.236	0.130	0.393	0.440	0.429	0.205	0.316	0.186	0.479	0.257	0.199	0.218	0.271	0.128	0.474	0.170	0.244	0.301	0.369	0.234	0.199	0.179	0.193	0.334	0.536	0.221	0.193	0.240	0.293	0.367	0.417	0.132	0.187	0.122	0.187	0.308	0.390	0.315	0.259	0.420	0.217	0.340	0.150	0.190	0.218	0.345	0.155	0.330	0.259	0.272	0.401	0.336	0.162	0.368	0.260	0.237	0.525	0.386	0.159	0.166	0.164	0.439	0.308	0.238	0.470	0.134	0.517	0.457	0.353	0.316	0.558	0.299	0.260	0.294	0.291	0.160	0.397	0.150	0.294	0.441	0.343	0.132	0.446	0.160	0.146	0.194	0.264	0.333	0.453	0.519	0.124	0.580	0.143	0.184	0.179	0.571	0.243	0.487	0.234	0.432	0.224	0.193	0.156	0.363	0.459	0.547	0.425	0.205	0.141	0.526	0.428	0.470	0.211	0.467	0.157	0.163	0.518	0.204	0.446	0.297	0.154	0.385
115	0.157	0.246	0.155	0.333	0.288	0.545	0.583	0.223	0.507	0.163	0.571	0.559	0.109	0.268	0.588	0.205	0.122	0.482	0.561	0.000	0.156	0.379	0.444	0.458	0.635	0.210	0.809	0.333	0.265	0.151	0.557	0.191	0.190	0.316	0.316	0.288	0.198	0.059	0.469	0.169	0.400	0.164	0.706	0.235	0.169	0.143	0.255	0.738	0.853	0.312	0.118	0.208	0.283	0.585	0.196	0.733	0.274	0.427	0.559	0.016	0.241	0.409	0.041	0.655	0.388	0.149	0.128	0.060	0.347	0.549	0.222	0.221	0.038	0.665	0.606	0.130	0.032	0.559	0.732	0.518	0.175	0.126	0.140	0.685	0.263	0.411	0.086	0.316	0.382	0.367	0.320	0.502	0.092	0.603	0.340	0.817	0.207	0.350	0.650	0.596	0.681	0.250	0.028	0.370	0.634	0.339	0.280	0.206	0.153	0.511	0.418	0.605	0.665	0.832	0.179	0.262	0.742	0.147	0.375	0.232	0.500	0.426	0.369	0.228	0.623	0.244	0.334	0.328	0.169	0.831	0.631	0.203	0.511	0.355	0.043	0.179	0.509	0.462	0.470	0.128	0.819	0.739	0.096	0.525	0.048	0.109	0.864	0.260	0.012	0.824	0.745	0.280	0.285	0.467	0.171	0.537	0.284	0.125	0.228	0.585	0.121	0.489	0.503	0.396	0.314	0.241	0.115	0.046	0.520	0.022	0.609	0.564	0.455	0.014	0.368	0.077	0.722	0.134	0.377	0.400	0.491	0.215	0.109	0.018	0.146	0.384	0.528	0.038	0.137	0.098	0.397	0.099	0.496	0.420	0.047	0.410	0.122	0.285	0.533	0.185
116	0.052	0.107	0.046	0.190	0.147	0.395	0.436	0.084	0.360	0.044	0.421	0.412	0.059	0.125	0.438	0.072	0.053	0.339	0.411	0.156	0.000	0.233	0.295	0.324	0.486	0.072	0.664	0.197	0.119	0.061	0.409	0.062	0.059	0.170	0.170	0.143	0.062	0.101	0.323	0.042	0.253	0.045	0.557	0.101	0.044	0.042	0.114	0.587	0.702	0.165	0.060	0.072	0.143	0.438	0.060	0.584	0.131	0.282	0.410	0.145	0.099	0.262	0.119	0.509	0.241	0.046	0.051	0.102	0.203	0.401	0.081	0.085	0.123	0.523	0.458	0.049	0.127	0.411	0.582	0.370	0.049	0.042	0.041	0.540	0.121	0.265	0.079	0.170	0.232	0.219	0.178	0.353	0.076	0.456	0.195	0.667	0.077	0.204	0.505	0.451	0.532	0.114	0.132	0.223	0.490	0.190	0.136	0.071	0.047	0.363	0.269	0.454	0.517	0.684	0.051	0.117	0.595	0.046	0.226	0.092	0.355	0.279	0.222	0.089	0.474	0.103	0.190	0.188	0.040	0.685	0.484	0.072	0.380	0.209	0.121	0.046	0.363	0.315	0.323	0.047	0.669	0.588	0.071	0.376	0.114	0.063	0.717	0.117	0.153	0.674	0.596	0.133	0.140	0.319	0.045	0.389	0.144	0.048	0.085	0.437	0.054	0.344	0.357	0.249	0.169	0.102	0.060	0.115	0.372	0.174	0.461	0.422	0.308	0.166	0.227	0.085	0.574	0.036	0.229	0.252	0.344	0.082	0.065	0.142	0.050	0.237	0.381	0.121	0.039	0.074	0.253	0.071	0.351	0.271	0.114	0.265	0.055	0.143	0.388	0.060
117	0.229	0.153	0.231	0.099	0.130	0.199	0.224	0.173	0.163	0.222	0.221	0.214	0.276	0.132	0.228	0.181	0.261	0.152	0.210	0.379	0.233	0.000	0.100	0.192	0.285	0.182	0.465	0.128	0.131	0.246	0.203	0.202	0.200	0.101	0.093	0.120	0.192	0.324	0.123	0.215	0.083	0.224	0.348	0.161	0.217	0.241	0.151	0.376	0.487	0.094	0.268	0.184	0.130	0.231	0.193	0.375	0.127	0.097	0.203	0.368	0.149	0.097	0.342	0.297	0.077	0.240	0.255	0.324	0.085	0.195	0.177	0.174	0.346	0.325	0.252	0.255	0.349	0.214	0.370	0.162	0.213	0.259	0.247	0.343	0.142	0.073	0.297	0.102	0.090	0.085	0.108	0.151	0.292	0.254	0.091	0.449	0.187	0.084	0.299	0.243	0.320	0.164	0.354	0.091	0.286	0.081	0.117	0.187	0.235	0.159	0.086	0.247	0.308	0.469	0.209	0.138	0.385	0.241	0.078	0.160	0.163	0.116	0.092	0.163	0.267	0.150	0.090	0.116	0.223	0.472	0.276	0.189	0.241	0.095	0.343	0.207	0.163	0.126	0.129	0.258	0.455	0.372	0.288	0.173	0.336	0.275	0.503	0.136	0.376	0.457	0.392	0.121	0.111	0.128	0.217	0.198	0.119	0.258	0.163	0.228	0.265	0.148	0.162	0.081	0.093	0.158	0.271	0.337	0.170	0.398	0.253	0.240	0.136	0.389	0.113	0.305	0.368	0.250	0.098	0.091	0.148	0.180	0.276	0.366	0.243	0.063	0.175	0.344	0.249	0.290	0.074	0.286	0.161	0.088	0.336	0.116	0.265	0.127	0.189	0.205
118	0.295	0.212	0.296	0.156	0.184	0.144	0.176	0.231	0.119	0.288	0.165	0.163	0.340	0.192	0.177	0.247	0.327	0.129	0.158	0.444	0.295	0.100	0.000	0.194	0.234	0.244	0.409	0.166	0.192	0.310	0.161	0.266	0.262	0.154	0.150	0.177	0.256	0.388	0.118	0.281	0.102	0.288	0.287	0.223	0.282	0.307	0.210	0.315	0.428	0.153	0.333	0.248	0.188	0.173	0.257	0.317	0.184	0.100	0.148	0.433	0.211	0.106	0.407	0.250	0.102	0.304	0.322	0.389	0.131	0.147	0.235	0.239	0.410	0.293	0.199	0.319	0.413	0.174	0.313	0.127	0.276	0.323	0.310	0.282	0.198	0.075	0.362	0.150	0.103	0.119	0.151	0.112	0.357	0.198	0.141	0.391	0.253	0.128	0.247	0.206	0.264	0.223	0.420	0.109	0.236	0.129	0.179	0.249	0.299	0.112	0.089	0.194	0.258	0.416	0.274	0.199	0.323	0.305	0.107	0.223	0.129	0.119	0.126	0.227	0.219	0.211	0.147	0.158	0.284	0.411	0.215	0.254	0.211	0.127	0.408	0.271	0.137	0.102	0.106	0.321	0.395	0.319	0.352	0.124	0.400	0.340	0.442	0.195	0.441	0.395	0.332	0.181	0.179	0.083	0.281	0.153	0.185	0.322	0.225	0.177	0.329	0.110	0.122	0.095	0.148	0.219	0.336	0.401	0.126	0.463	0.201	0.194	0.096	0.454	0.143	0.370	0.315	0.315	0.107	0.098	0.122	0.245	0.340	0.430	0.307	0.109	0.134	0.409	0.311	0.354	0.107	0.350	0.128	0.075	0.400	0.123	0.329	0.182	0.154	0.271
119	0.327	0.258	0.327	0.215	0.240	0.226	0.259	0.279	0.207	0.319	0.252	0.220	0.363	0.238	0.258	0.289	0.354	0.214	0.228	0.458	0.324	0.192	0.194	0.000	0.267	0.285	0.458	0.234	0.250	0.338	0.236	0.302	0.299	0.214	0.220	0.236	0.294	0.409	0.211	0.313	0.193	0.319	0.348	0.271	0.314	0.335	0.256	0.362	0.471	0.221	0.359	0.285	0.231	0.265	0.293	0.358	0.242	0.201	0.240	0.449	0.262	0.201	0.424	0.310	0.200	0.335	0.350	0.408	0.212	0.239	0.277	0.282	0.428	0.351	0.273	0.339	0.431	0.224	0.379	0.207	0.310	0.349	0.338	0.346	0.250	0.185	0.382	0.217	0.194	0.203	0.221	0.212	0.380	0.268	0.213	0.445	0.292	0.211	0.319	0.284	0.328	0.265	0.436	0.191	0.309	0.206	0.237	0.290	0.330	0.221	0.175	0.265	0.293	0.461	0.296	0.249	0.390	0.334	0.192	0.269	0.213	0.208	0.209	0.275	0.287	0.257	0.217	0.226	0.317	0.461	0.296	0.284	0.289	0.208	0.426	0.306	0.223	0.205	0.205	0.345	0.447	0.373	0.374	0.218	0.419	0.354	0.493	0.252	0.456	0.451	0.383	0.233	0.236	0.202	0.315	0.236	0.243	0.350	0.270	0.262	0.354	0.215	0.217	0.184	0.216	0.267	0.361	0.419	0.219	0.476	0.273	0.271	0.195	0.468	0.210	0.391	0.371	0.337	0.200	0.189	0.216	0.284	0.367	0.446	0.337	0.199	0.231	0.426	0.339	0.377	0.210	0.374	0.221	0.182	0.419	0.206	0.356	0.241	0.238	0.288
12	0.486	0.403	0.489	0.328	0.369	0.176	0.169	0.427	0.179	0.480	0.136	0.163	0.532	0.381	0.139	0.438	0.518	0.228	0.165	0.635	0.486	0.285	0.234	0.267	0.000	0.437	0.279	0.347	0.386	0.501	0.177	0.455	0.457	0.336	0.338	0.365	0.450	0.581	0.226	0.471	0.266	0.481	0.179	0.417	0.475	0.500	0.397	0.184	0.249	0.339	0.523	0.439	0.371	0.172	0.449	0.203	0.379	0.248	0.161	0.625	0.403	0.262	0.599	0.162	0.272	0.495	0.514	0.580	0.314	0.169	0.428	0.430	0.602	0.250	0.165	0.511	0.606	0.180	0.206	0.185	0.467	0.515	0.502	0.210	0.387	0.255	0.554	0.339	0.285	0.293	0.341	0.191	0.549	0.176	0.319	0.246	0.444	0.311	0.193	0.185	0.176	0.410	0.611	0.288	0.198	0.317	0.368	0.440	0.492	0.192	0.251	0.127	0.170	0.273	0.463	0.388	0.211	0.496	0.277	0.415	0.186	0.263	0.301	0.420	0.151	0.403	0.330	0.338	0.474	0.286	0.170	0.441	0.294	0.307	0.600	0.465	0.203	0.224	0.218	0.512	0.260	0.181	0.544	0.174	0.592	0.531	0.300	0.391	0.632	0.242	0.208	0.365	0.370	0.222	0.471	0.180	0.369	0.515	0.417	0.153	0.519	0.220	0.183	0.270	0.340	0.410	0.527	0.594	0.173	0.654	0.158	0.213	0.226	0.646	0.311	0.563	0.174	0.506	0.286	0.265	0.202	0.435	0.535	0.622	0.501	0.277	0.181	0.601	0.503	0.546	0.279	0.543	0.212	0.245	0.593	0.276	0.522	0.368	0.206	0.457
120	0.075	0.071	0.071	0.145	0.102	0.345	0.382	0.057	0.307	0.065	0.368	0.357	0.108	0.082	0.386	0.051	0.097	0.289	0.363	0.210	0.072	0.182	0.244	0.285	0.437	0.000	0.614	0.149	0.083	0.090	0.356	0.055	0.054	0.118	0.122	0.097	0.052	0.155	0.273	0.057	0.199	0.065	0.503	0.067	0.055	0.078	0.081	0.534	0.651	0.118	0.104	0.051	0.094	0.385	0.048	0.532	0.082	0.230	0.353	0.198	0.060	0.212	0.173	0.457	0.190	0.081	0.093	0.156	0.153	0.347	0.047	0.062	0.177	0.473	0.406	0.090	0.180	0.361	0.528	0.319	0.056	0.092	0.080	0.491	0.080	0.213	0.130	0.124	0.186	0.171	0.132	0.300	0.125	0.401	0.147	0.614	0.059	0.157	0.452	0.399	0.479	0.091	0.185	0.174	0.435	0.141	0.084	0.054	0.072	0.309	0.216	0.404	0.464	0.632	0.056	0.071	0.541	0.077	0.176	0.057	0.302	0.229	0.180	0.060	0.421	0.062	0.143	0.141	0.066	0.633	0.432	0.051	0.335	0.159	0.174	0.054	0.311	0.262	0.271	0.089	0.616	0.535	0.119	0.321	0.165	0.110	0.662	0.074	0.207	0.621	0.545	0.094	0.096	0.268	0.055	0.334	0.102	0.088	0.048	0.383	0.099	0.293	0.304	0.195	0.117	0.061	0.103	0.168	0.319	0.228	0.410	0.365	0.260	0.219	0.181	0.136	0.520	0.082	0.183	0.205	0.292	0.060	0.112	0.196	0.083	0.186	0.328	0.175	0.083	0.123	0.204	0.119	0.299	0.218	0.167	0.212	0.101	0.096	0.336	0.059
121	0.662	0.581	0.665	0.510	0.545	0.333	0.279	0.602	0.349	0.655	0.313	0.316	0.707	0.560	0.297	0.617	0.694	0.395	0.333	0.809	0.664	0.465	0.409	0.458	0.279	0.614	0.000	0.519	0.562	0.671	0.331	0.632	0.630	0.515	0.505	0.543	0.625	0.754	0.399	0.650	0.441	0.656	0.257	0.594	0.650	0.673	0.573	0.214	0.224	0.519	0.699	0.617	0.549	0.300	0.625	0.261	0.554	0.417	0.323	0.799	0.581	0.439	0.773	0.277	0.447	0.673	0.690	0.755	0.491	0.331	0.605	0.608	0.776	0.337	0.299	0.688	0.780	0.329	0.251	0.353	0.645	0.691	0.675	0.303	0.566	0.432	0.730	0.514	0.458	0.467	0.518	0.366	0.724	0.307	0.494	0.223	0.620	0.488	0.290	0.317	0.250	0.584	0.786	0.472	0.304	0.500	0.547	0.617	0.666	0.357	0.429	0.288	0.278	0.271	0.641	0.564	0.264	0.672	0.464	0.587	0.361	0.431	0.467	0.599	0.281	0.581	0.507	0.518	0.651	0.288	0.300	0.619	0.436	0.470	0.772	0.641	0.343	0.390	0.393	0.690	0.244	0.215	0.720	0.348	0.767	0.706	0.253	0.567	0.806	0.239	0.264	0.549	0.549	0.391	0.649	0.342	0.550	0.690	0.593	0.306	0.695	0.376	0.371	0.450	0.517	0.586	0.699	0.769	0.348	0.828	0.288	0.349	0.399	0.819	0.479	0.737	0.259	0.683	0.459	0.449	0.373	0.608	0.710	0.795	0.675	0.456	0.339	0.775	0.680	0.721	0.457	0.718	0.375	0.418	0.767	0.442	0.695	0.547	0.357	0.637
122	0.195	0.136	0.189	0.120	0.127	0.263	0.292	0.148	0.227	0.190	0.280	0.260	0.234	0.121	0.286	0.156	0.222	0.210	0.276	0.333	0.197	0.128	0.166	0.234	0.347	0.149	0.519	0.000	0.123	0.210	0.269	0.167	0.161	0.116	0.110	0.116	0.162	0.280	0.193	0.181	0.138	0.188	0.406	0.138	0.184	0.205	0.132	0.430	0.551	0.111	0.227	0.160	0.120	0.292	0.164	0.430	0.118	0.161	0.270	0.322	0.133	0.152	0.298	0.364	0.131	0.201	0.219	0.280	0.096	0.263	0.151	0.151	0.302	0.373	0.315	0.215	0.305	0.274	0.426	0.231	0.177	0.217	0.208	0.384	0.128	0.140	0.254	0.105	0.130	0.122	0.119	0.216	0.251	0.313	0.121	0.507	0.162	0.119	0.363	0.313	0.381	0.144	0.310	0.125	0.345	0.107	0.099	0.157	0.200	0.227	0.157	0.310	0.374	0.532	0.174	0.123	0.447	0.203	0.113	0.139	0.222	0.166	0.138	0.137	0.331	0.134	0.124	0.130	0.187	0.536	0.338	0.162	0.283	0.122	0.298	0.174	0.231	0.184	0.193	0.219	0.517	0.437	0.244	0.230	0.292	0.236	0.565	0.125	0.330	0.518	0.451	0.117	0.116	0.169	0.177	0.240	0.119	0.218	0.141	0.293	0.224	0.216	0.225	0.117	0.114	0.133	0.231	0.293	0.236	0.352	0.318	0.265	0.191	0.343	0.140	0.263	0.424	0.211	0.116	0.147	0.213	0.157	0.236	0.320	0.205	0.136	0.233	0.298	0.208	0.248	0.148	0.245	0.192	0.147	0.292	0.163	0.226	0.116	0.253	0.173
123	0.119	0.073	0.124	0.103	0.084	0.296	0.333	0.077	0.257	0.113	0.320	0.308	0.163	0.066	0.334	0.083	0.150	0.244	0.309	0.265	0.119	0.131	0.192	0.250	0.386	0.083	0.562	0.123	0.000	0.137	0.310	0.096	0.096	0.087	0.084	0.074	0.088	0.211	0.229	0.107	0.155	0.117	0.453	0.076	0.111	0.133	0.069	0.483	0.598	0.078	0.157	0.085	0.078	0.332	0.092	0.480	0.067	0.180	0.307	0.254	0.064	0.164	0.228	0.407	0.139	0.133	0.146	0.211	0.115	0.299	0.082	0.082	0.232	0.422	0.353	0.145	0.235	0.312	0.479	0.260	0.105	0.147	0.137	0.440	0.071	0.165	0.184	0.085	0.144	0.120	0.100	0.249	0.181	0.356	0.101	0.559	0.092	0.114	0.397	0.354	0.428	0.085	0.241	0.128	0.386	0.101	0.058	0.084	0.127	0.261	0.171	0.351	0.415	0.579	0.104	0.064	0.492	0.130	0.127	0.066	0.254	0.188	0.129	0.056	0.371	0.063	0.102	0.121	0.109	0.580	0.381	0.089	0.301	0.114	0.230	0.100	0.262	0.215	0.219	0.147	0.565	0.484	0.176	0.271	0.223	0.164	0.612	0.051	0.263	0.568	0.496	0.060	0.070	0.219	0.107	0.290	0.076	0.146	0.064	0.333	0.154	0.242	0.255	0.152	0.084	0.075	0.160	0.224	0.268	0.284	0.359	0.326	0.212	0.275	0.139	0.192	0.470	0.137	0.134	0.154	0.239	0.087	0.165	0.252	0.136	0.139	0.279	0.231	0.137	0.177	0.156	0.175	0.249	0.168	0.223	0.175	0.154	0.077	0.284	0.102
124	0.065	0.122	0.054	0.202	0.147	0.410	0.447	0.098	0.367	0.054	0.436	0.422	0.067	0.141	0.451	0.087	0.061	0.349	0.422	0.151	0.061	0.246	0.310	0.338	0.501	0.090	0.671	0.210	0.137	0.000	0.415	0.076	0.075	0.182	0.182	0.157	0.082	0.100	0.337	0.060	0.265	0.063	0.568	0.115	0.066	0.058	0.130	0.601	0.715	0.178	0.066	0.091	0.156	0.448	0.080	0.598	0.145	0.292	0.423	0.141	0.115	0.273	0.115	0.520	0.253	0.065	0.061	0.100	0.217	0.411	0.104	0.103	0.119	0.532	0.470	0.059	0.123	0.424	0.596	0.383	0.068	0.059	0.055	0.552	0.138	0.277	0.080	0.185	0.248	0.233	0.192	0.365	0.077	0.469	0.209	0.679	0.091	0.218	0.516	0.462	0.543	0.132	0.128	0.235	0.500	0.205	0.151	0.082	0.059	0.374	0.285	0.469	0.528	0.691	0.067	0.132	0.607	0.056	0.242	0.106	0.364	0.291	0.235	0.109	0.483	0.116	0.204	0.204	0.055	0.696	0.495	0.074	0.391	0.218	0.117	0.068	0.374	0.329	0.336	0.061	0.680	0.601	0.074	0.391	0.112	0.065	0.724	0.133	0.148	0.686	0.610	0.152	0.155	0.332	0.066	0.402	0.156	0.053	0.104	0.449	0.062	0.354	0.368	0.262	0.181	0.113	0.063	0.113	0.382	0.169	0.471	0.432	0.321	0.160	0.240	0.085	0.586	0.057	0.246	0.259	0.357	0.095	0.070	0.137	0.065	0.248	0.392	0.119	0.058	0.067	0.266	0.071	0.360	0.285	0.111	0.274	0.061	0.155	0.397	0.075
125	0.410	0.328	0.408	0.250	0.277	0.144	0.146	0.350	0.134	0.401	0.140	0.143	0.454	0.305	0.129	0.362	0.440	0.163	0.129	0.557	0.409	0.203	0.161	0.236	0.177	0.356	0.331	0.269	0.310	0.415	0.000	0.377	0.376	0.256	0.260	0.288	0.370	0.502	0.160	0.394	0.190	0.401	0.211	0.340	0.395	0.420	0.321	0.230	0.337	0.264	0.446	0.357	0.296	0.148	0.369	0.236	0.298	0.182	0.127	0.546	0.328	0.190	0.520	0.182	0.202	0.416	0.435	0.502	0.239	0.116	0.349	0.351	0.523	0.245	0.148	0.432	0.527	0.158	0.230	0.137	0.391	0.437	0.423	0.234	0.308	0.180	0.476	0.259	0.202	0.220	0.268	0.135	0.470	0.157	0.244	0.307	0.365	0.227	0.197	0.173	0.191	0.333	0.533	0.217	0.194	0.239	0.290	0.361	0.412	0.136	0.175	0.145	0.180	0.329	0.385	0.310	0.254	0.418	0.211	0.337	0.140	0.188	0.227	0.343	0.138	0.323	0.252	0.266	0.397	0.332	0.171	0.361	0.241	0.232	0.521	0.387	0.153	0.153	0.153	0.436	0.303	0.233	0.465	0.133	0.514	0.454	0.338	0.311	0.554	0.308	0.257	0.294	0.290	0.145	0.395	0.130	0.293	0.435	0.338	0.137	0.442	0.161	0.157	0.191	0.259	0.331	0.449	0.516	0.130	0.576	0.151	0.186	0.170	0.567	0.242	0.483	0.242	0.428	0.220	0.189	0.152	0.355	0.456	0.543	0.421	0.201	0.138	0.522	0.425	0.468	0.207	0.463	0.152	0.174	0.514	0.184	0.442	0.295	0.147	0.383
126	0.064	0.076	0.060	0.161	0.116	0.363	0.403	0.064	0.326	0.056	0.390	0.377	0.092	0.101	0.403	0.052	0.084	0.308	0.382	0.191	0.062	0.202	0.266	0.302	0.455	0.055	0.632	0.167	0.096	0.076	0.377	0.000	0.052	0.139	0.141	0.116	0.039	0.138	0.294	0.050	0.221	0.060	0.524	0.081	0.058	0.066	0.088	0.554	0.669	0.134	0.089	0.064	0.107	0.405	0.052	0.552	0.104	0.249	0.378	0.181	0.078	0.232	0.155	0.477	0.208	0.070	0.080	0.138	0.173	0.368	0.068	0.066	0.159	0.493	0.423	0.077	0.162	0.380	0.551	0.338	0.048	0.077	0.071	0.509	0.095	0.231	0.112	0.142	0.204	0.189	0.152	0.322	0.110	0.423	0.166	0.633	0.062	0.175	0.469	0.418	0.499	0.092	0.168	0.193	0.455	0.163	0.105	0.055	0.068	0.329	0.240	0.424	0.485	0.650	0.053	0.090	0.561	0.068	0.195	0.064	0.320	0.247	0.195	0.072	0.441	0.070	0.156	0.162	0.057	0.653	0.453	0.045	0.354	0.178	0.157	0.045	0.332	0.283	0.291	0.079	0.634	0.556	0.105	0.343	0.149	0.095	0.683	0.088	0.189	0.640	0.565	0.104	0.115	0.286	0.044	0.354	0.119	0.076	0.066	0.402	0.085	0.312	0.325	0.215	0.139	0.076	0.090	0.151	0.339	0.210	0.427	0.385	0.279	0.201	0.198	0.120	0.535	0.071	0.201	0.223	0.308	0.067	0.097	0.178	0.072	0.205	0.349	0.157	0.069	0.106	0.225	0.104	0.318	0.240	0.150	0.236	0.087	0.111	0.350	0.050
